   141.00000000000000       0.99999999955541674
   142.00000000000000       0.99999999941248829
   143.00000000000000       0.99999999921860216
   144.00000000000000       0.99999999895624381
   145.00000000000000       0.99999999860211819
   146.00000000000000       0.99999999812532336
   147.00000000000000       0.99999999748496626
   148.00000000000000       0.99999999662708539
   149.00000000000000       0.99999999548065865
   150.00000000000000       0.99999999395245975
   151.00000000000000       0.99999999192043942
   152.00000000000000       0.99999998922524069
   153.00000000000000       0.99999998565935111
   154.00000000000000       0.99999998095326881
   155.00000000000000       0.99999997475792013
   156.00000000000000       0.99999996662238222
   157.00000000000000       0.99999995596571534
   158.00000000000000       0.99999994204149023
   159.00000000000000       0.99999992389322601
   160.00000000000000       0.99999990029856711
   161.00000000000000       0.99999986969960175
   162.00000000000000       0.99999983011609028
   163.00000000000000       0.99999977903779858
   164.00000000000000       0.99999971329125870
   165.00000000000000       0.99999962887542204
   166.00000000000000       0.99999952075955378
   167.00000000000000       0.99999938263545796
   168.00000000000000       0.99999920661467789
   169.00000000000000       0.99999898285958744
   170.00000000000000       0.99999869913537587
   171.00000000000000       0.99999834026768419
   172.00000000000000       0.99999788748812657
   173.00000000000000       0.99999731764704936
   174.00000000000000       0.99999660226970422
   175.00000000000000       0.99999570642835822
   176.00000000000000       0.99999458739892066
   177.00000000000000       0.99999319306622780
   178.00000000000000       0.99999146003735606
   179.00000000000000       0.99998931141705172
   180.00000000000000       0.99998665419381072
   181.00000000000000       0.99998337617909594
   182.00000000000000       0.99997934243591269
   183.00000000000000       0.99997439112635167
   184.00000000000000       0.99996832870099150
   185.00000000000000       0.99996092434622685
   186.00000000000000       0.99995190359880692
   187.00000000000000       0.99994094103040543
   188.00000000000000       0.99992765189889976
   189.00000000000000       0.99991158265762448
   190.00000000000000       0.99989220020934844
   191.00000000000000       0.99986887978840655
   192.00000000000000       0.99984089135267151
   193.00000000000000       0.99980738436719541
   194.00000000000000       0.99976737086379885
   195.00000000000000       0.99971970666602161
   196.00000000000000       0.99966307067716653
   197.00000000000000       0.99959594214098491
   198.00000000000000       0.99951657580047337
   199.00000000000000       0.99942297490047594
   200.00000000000000       0.99931286200496183
   201.00000000000000       0.99918364763006262
   202.00000000000000       0.99903239672968913
   203.00000000000000       0.99885579311190398
   204.00000000000000       0.99865010191131953
   205.00000000000000       0.99841113029561102
   206.00000000000000       0.99813418664262366
   207.00000000000000       0.99781403848813088
   208.00000000000000       0.99744486961265899
   209.00000000000000       0.99702023670808093
   210.00000000000000       0.99653302614015093
   211.00000000000000       0.99597541140049872
   212.00000000000000       0.99533881191961149
   213.00000000000000       0.99461385398934798
   214.00000000000000       0.99379033461773392
   215.00000000000000       0.99285718920834731
   216.00000000000000       0.99180246401914518
   217.00000000000000       0.99061329440904089
   218.00000000000000       0.98927588992235804
   219.00000000000000       0.98777552728916396
   220.00000000000000       0.98609655243090344
   221.00000000000000       0.98422239255352828
   222.00000000000000       0.98213557938204321
   223.00000000000000       0.97981778453942248
   224.00000000000000       0.97724986799724345
   225.00000000000000       0.97441194042411061
   226.00000000000000       0.97128344013010737
   227.00000000000000       0.96784322515089083
   228.00000000000000       0.96406968083401123
   229.00000000000000       0.95994084308359395
   230.00000000000000       0.95543453718938443
   231.00000000000000       0.95052853191484155
   232.00000000000000       0.94520070824954150
   233.00000000000000       0.93942924194770139
   234.00000000000000       0.93319279868161586
   235.00000000000000       0.92647074034159438
   236.00000000000000       0.91924334071829805
   237.00000000000000       0.91149200851555368
   238.00000000000000       0.90319951536829346
   239.00000000000000       0.89435022628806005
   240.00000000000000       0.88493032973428387
   241.00000000000000       0.87492806431998527
   242.00000000000000       0.86433393901196387
   243.00000000000000       0.85314094358372961
   244.00000000000000       0.84134474602951692
   245.00000000000000       0.82894387365390987
   246.00000000000000       0.81593987461711859
   247.00000000000000       0.80233745684274049
   248.00000000000000       0.78814460138365883
   249.00000000000000       0.77337264759187585
   250.00000000000000       0.75803634774742457
   251.00000000000000       0.74215388916644831
   252.00000000000000       0.72574688222411543
   253.00000000000000       0.70884031318777552
   254.00000000000000       0.69146246125212185
   255.00000000000000       0.67364477969222580
   256.00000000000000       0.65542174159255362
   257.00000000000000       0.63683065115997417
   258.00000000000000       0.61791142217547090
   259.00000000000000       0.59870632567163795
   260.00000000000000       0.57925970943004068
   261.00000000000000       0.55961769236342596
   262.00000000000000       0.53982783727247519
   263.00000000000000       0.51993880583609275
   264.00000000000000       0.50000000000000000
   265.00000000000000       0.48006119416390725
   266.00000000000000       0.46017216272752492
   267.00000000000000       0.44038230763657404
   268.00000000000000       0.42074029056995932
   269.00000000000000       0.40129367432836205
   270.00000000000000       0.38208857782452910
   271.00000000000000       0.36316934884002583
   272.00000000000000       0.34457825840744638
   273.00000000000000       0.32635522030777420
   274.00000000000000       0.30853753874787815
   275.00000000000000       0.29115968681222448
   276.00000000000000       0.27425311777588468
   277.00000000000000       0.25784611083355169
   278.00000000000000       0.24196365225257543
   279.00000000000000       0.22662735240812415
   280.00000000000000       0.21185539861634117
   281.00000000000000       0.19766254315725940
   282.00000000000000       0.18406012538288141
   283.00000000000000       0.17105612634609024
   284.00000000000000       0.15865525397048308
   285.00000000000000       0.14685905641627039
   286.00000000000000       0.13566606098803613
   287.00000000000000       0.12507193568001473
   288.00000000000000       0.11506967026571613
   289.00000000000000       0.10564977371193995
   290.00000000000000        9.6800484631706429E-002
   291.00000000000000        8.8507991484446435E-002
   292.00000000000000        8.0756659281701948E-002
   293.00000000000000        7.3529259658405621E-002
   294.00000000000000        6.6807201318384246E-002
   295.00000000000000        6.0570758052298723E-002
   296.00000000000000        5.4799291750458501E-002
   297.00000000000000        4.9471468085158454E-002
   298.00000000000000        4.4565462810615575E-002
   299.00000000000000        4.0059156916406047E-002
   300.00000000000000        3.5930319165988767E-002
   301.00000000000000        3.2156774849109393E-002
   302.00000000000000        2.8716559869892855E-002
   303.00000000000000        2.5588059575889388E-002
   304.00000000000000        2.2750132002756551E-002
   305.00000000000000        2.0182215460577524E-002
   306.00000000000000        1.7864420617956789E-002
   307.00000000000000        1.5777607446471720E-002
   308.00000000000000        1.3903447569096672E-002
   309.00000000000000        1.2224472710836043E-002
   310.00000000000000        1.0724110077641846E-002
   311.00000000000000        9.3867055909593322E-003
   312.00000000000000        8.1975359808547088E-003
   313.00000000000000        7.1428107916526873E-003
   314.00000000000000        6.2096653822659720E-003
   315.00000000000000        5.3861460106519043E-003
   316.00000000000000        4.6611880803884009E-003
   317.00000000000000        4.0245885995012776E-003
   318.00000000000000        3.4669738598491762E-003
   319.00000000000000        2.9797632919190686E-003
