   64.875216263623116       0.26835364493373504     
   65.164214533514127       0.26824336865537390     
   65.453212803405137       0.26812492831104778     
   65.742211073296161       0.26799779273944113     
   66.031209343187172       0.26786140216545656     
   66.320207613078182       0.26771516711054250     
   66.609205882969206       0.26755846729459087     
   66.898204152860217       0.26739065053204225     
   67.187202422751227       0.26721103162508969     
   67.476200692642252       0.26701889125706357     
   67.765198962533262       0.26681347488931417     
   68.054197232424272       0.26659399166510800     
   68.343195502315297       0.26635961332430774     
   68.632193772206307       0.26610947313279071     
   68.921192042097331       0.26584266483080227     
   69.210190311988342       0.26555824160464980     
   69.499188581879352       0.26525521508636246     
   69.788186851770377       0.26493255438613617     
   70.077185121661387       0.26458918516259800     
   70.366183391552397       0.26422398873611541     
   70.655181661443422       0.26383580125055273     
   70.944179931334432       0.26342341288906873     
   71.233178201225442       0.26298556714968446     
   71.522176471116467       0.26252096018653409     
   71.811174741007477       0.26202824022281163     
   72.100173010898487       0.26150600704156018     
   72.389171280789512       0.26095281156055888     
   72.678169550680522       0.26036715549761247     
   72.967167820571532       0.25974749113262546     
   73.256166090462557       0.25909222117288538     
   73.545164360353567       0.25839969872796370     
   73.834162630244577       0.25766822740063766     
   74.123160900135602       0.25689606150021127     
   74.412159170026612       0.25608140638450189     
   74.701157439917623       0.25522241893668468     
   74.990155709808647       0.25431720818306314     
   75.279153979699657       0.25336383605760493     
   75.568152249590668       0.25236031831897515     
   75.857150519481692       0.25130462562547878     
   76.146148789372702       0.25019468477310230     
   76.435147059263713       0.24902838010152922     
   76.724145329154737       0.24780355507264479     
   77.013143599045748       0.24651801402570428     
   77.302141868936758       0.24516952411287191     
   77.591140138827782       0.24375581741844621     
   77.880138408718793       0.24227459326453954     
   78.169136678609803       0.24072352070551645     
   78.458134948500827       0.23910024121289147     
   78.747133218391838       0.23740237155180777     
   79.036131488282848       0.23562750684962375     
   79.325129758173873       0.23377322385642674     
   79.614128028064883       0.23183708439665773     
   79.903126297955893       0.22981663901028271     
   80.192124567846918       0.22770943078122652     
   80.481122837737928       0.22551299935002400     
   80.770121107628938       0.22322488510684163     
   81.059119377519963       0.22084263356024803     
   81.348117647410973       0.21836379987627447     
   81.637115917301983       0.21578595358148872     
   81.926114187193008       0.21310668342297423     
   82.215112457084018       0.21032360237724601     
   82.504110726975028       0.20743435279931877     
   82.793108996866053       0.20443661170228045     
   83.082107266757063       0.20132809615690633     
   83.371105536648088       0.19810656880001815     
   83.660103806539098       0.19476984343949144     
   83.949102076430108       0.19131579074302707     
   84.238100346321133       0.18774234399703760     
   84.527098616212143       0.18404750492126293     
   84.816096886103153       0.18022934952403813     
   85.105095155994178       0.17628603398245996     
   85.394093425885188       0.17221580053108498     
   85.683091695776199       0.16801698334220777     
   85.972089965667223       0.16368801438025726     
   86.261088235558233       0.15922742921235750     
   86.550086505449244       0.15463387275669904     
   86.839084775340268       0.14990610495001888     
   87.128083045231278       0.14504300631519229     
   87.417081315122289       0.14004358340972656     
   87.706079585013313       0.13490697413581049     
   87.995077854904324       0.12963245289249592     
   88.284076124795334       0.12421943555059578     
   88.573074394686358       0.11866748423098589     
   88.862072664577369       0.11297631186714030     
   89.151070934468379       0.10714578653301110     
   89.440069204359403       0.10117593551767956     
   89.729067474250414        9.5066949128635281E-002
   90.018065744141424        8.8819184206033908E-002
   90.307064014032449        8.2433167330891899E-002
   90.596062283923459        7.5909597710826393E-002
   90.885060553814469        6.9249349727717568E-002
   91.174058823705494        6.2453475132498604E-002
   91.463057093596504        5.5523204873198784E-002
   91.752055363487514        4.8459950543341956E-002
   92.041053633378539        4.1265305438878519E-002
   92.330051903269549        3.3941045212952103E-002
   92.619050173160559        2.6489128119001393E-002
   92.908048443051584        1.8911694833951997E-002
   93.197046712942594        1.1211067854583312E-002
   93.486044982833604        3.3897504614940899E-003
   93.775043252724629       -4.5495747534696762E-003
   94.064041522615639       -1.2604047799020746E-002
   94.353039792506650       -2.0770633636688018E-002
   94.642038062397674       -2.9046124973210186E-002
   94.931036332288684       -3.7427145491228053E-002
   95.220034602179695       -4.5910153514889529E-002
   95.509032872070719       -5.4491446105410513E-002
   95.798031141961729       -6.3167163580090835E-002
   96.087029411852740       -7.1933294446734131E-002
   96.376027681743764       -8.0785680743868438E-002
   96.665025951634775       -8.9720023775666902E-002
   96.954024221525785       -9.8731890228980490E-002
   97.243022491416809      -0.10781671865842762     
   97.532020761307820      -0.11696982632409980     
   97.821019031198830      -0.12618641636507616     
   98.110017301089854      -0.13546158529063257     
   98.399015570980865      -0.14479033076980563     
   98.688013840871889      -0.15416755969880064     
   98.977012110762900      -0.16358809652462786     
   99.266010380653910      -0.17304669180236082     
   99.555008650544934      -0.18253803096246207     
   99.844006920435945      -0.19205674326379951     
   100.13300519032695      -0.20159741090723476     
   100.42200346021798      -0.21115457828401252     
   100.71100173010899      -0.22072276133264918     
   101.00000000000000      -0.23029645697758500     
   101.28899826989102      -0.23987015262252126     
   101.57799653978203      -0.24943833567115797     
   101.86699480967305      -0.25899550304793523     
   102.15599307956407      -0.26853617069137098     
   102.44499134945508      -0.27805488299270836     
   102.73398961934609      -0.28754622215280917     
   103.02298788923711      -0.29700481743054258     
   103.31198615912812      -0.30642535425636980     
   103.60098442901914      -0.31580258318536442     
   103.88998269891016      -0.32513132866453792     
   104.17898096880117      -0.33440649759009383     
   104.46797923869218      -0.34362308763107013     
   104.75697750858320      -0.35277619529674281     
   105.04597577847422      -0.36186102372618950     
   105.33497404836523      -0.37087289017950315     
   105.62397231825625      -0.37980723321130200     
   105.91297058814726      -0.38865961950843581     
   106.20196885803827      -0.39742575037507916     
   106.49096712792930      -0.40610146784975992     
   106.77996539782031      -0.41468276044028046     
   107.06896366771132      -0.42316576846394188     
   107.35796193760234      -0.43154678898196025     
   107.64696020749335      -0.43982228031848197     
   107.93595847738436      -0.44798886615614925     
   108.22495674727539      -0.45604333920170076     
   108.51395501716640      -0.46398266441666408     
   108.80295328705741      -0.47180398180975330     
   109.09195155694843      -0.47950460878912232     
   109.38094982683944      -0.48708204207417133     
   109.66994809673045      -0.49453395916812209     
   109.95894636662148      -0.50185821939404884     
   110.24794463651249      -0.50905286449851195     
   110.53694290640350      -0.51611611882836872     
   110.82594117629452      -0.52304638908766887     
   111.11493944618553      -0.52984226368288745     
   111.40393771607654      -0.53650251166599627     
   111.69293598596757      -0.54302608128606211     
   111.98193425585858      -0.54941209816120384     
   112.27093252574959      -0.55565986308380522     
   112.55993079564061      -0.56176884947284988     
   112.84892906553162      -0.56773870048818109     
   113.13792733542265      -0.57356922582231040     
   113.42692560531366      -0.57926039818615593     
   113.71592387520467      -0.58481234950576577     
   114.00492214509569      -0.59022536684766624     
   114.29392041498670      -0.59549988809098076     
   114.58291868487771      -0.60063649736489655     
   114.87191695476874      -0.60563592027036273     
   115.16091522465975      -0.61049901890518887     
   115.44991349455076      -0.61522678671186903     
   115.73891176444178      -0.61982034316752777     
   116.02791003433279      -0.62428092833542759     
   116.31690830422380      -0.62860989729737771     
   116.60590657411483      -0.63280871448625509     
   116.89490484400584      -0.63687894793763000     
   117.18390311389685      -0.64082226347920801     
   117.47290138378787      -0.64464041887643320     
   117.76189965367888      -0.64833525795220770     
   118.05089792356989      -0.65190870469819706     
   118.33989619346092      -0.65536275739466143     
   118.62889446335193      -0.65869948275518819     
   118.91789273324294      -0.66192101011207627     
   119.20689100313396      -0.66502952565745055     
   119.49588927302497      -0.66802726675448865     
   119.78488754291598      -0.67091651633241600     
   120.07388581280701      -0.67369959737814411     
   120.36288408269802      -0.67637886753665866     
   120.65188235258903      -0.67895671383144451     
   120.94088062248005      -0.68143554751541813     
   121.22987889237106      -0.68381779906201157     
   121.51887716226207      -0.68610591330519388     
   121.80787543215310      -0.68830234473639651     
   122.09687370204411      -0.69040955296545259     
   122.38587197193512      -0.69242999835182761     
   122.67487024182614      -0.69436613781159684     
   122.96386851171715      -0.69622042080479374     
   123.25286678160816      -0.69799528550697776     
   123.54186505149919      -0.69969315516806163     
   123.83086332139020      -0.70131643466068638     
   124.11986159128121      -0.70286750721970948     
   124.40885986117223      -0.70434873137361609     
   124.69785813106324      -0.70576243806804184     
   124.98685640095425      -0.70711092798087427     
   125.27585467084528      -0.70839646902781483     
   125.56485294073629      -0.70962129405669927     
   125.85385121062730      -0.71078759872827235     
   126.14284948051832      -0.71189753958064883     
   126.43184775040933      -0.71295323227414520     
   126.72084602030034      -0.71395675001277481     
   127.00984429019137      -0.71491012213823302     
   127.29884256008238      -0.71581533289185462     
   127.58784082997339      -0.71667432033967193     
   127.87683909986441      -0.71748897545538126     
   128.16583736975542      -0.71826114135580754     
   128.45483563964643      -0.71899261268313364     
   128.74383390953744      -0.71968513512805532     
   129.03283217942848      -0.72034040508779551     
   129.32183044931949      -0.72096006945278224     
   129.61082871921050      -0.72154572551572871     
   129.89982698910151      -0.72209892099673012     
   130.18882525899252      -0.72262115417798167     
   130.47782352888353      -0.72311387414170403     
   130.76682179877457      -0.72357848110485423     
   131.05582006866558      -0.72401632684423856     
   131.34481833855659      -0.72442871520572272     
   131.63381660844760      -0.72481690269128540     
   131.92281487833861      -0.72518209911776799     
   132.21181314822962      -0.72552546834130616     
   132.50081141812066      -0.72584812904153240     
   132.78980968801167      -0.72615115555981968     
   133.07880795790268      -0.72643557878597220     
   133.36780622779369      -0.72670238708796075     
   133.65680449768470      -0.72695252727947768     
   133.94580276757571      -0.72718690562027799     
   134.23480103746675      -0.72740638884448416     
   134.52379930735776      -0.72761180521223356     
   134.81279757724877      -0.72780394558025963     
   135.10179584713978      -0.72798356448721213     
   135.39079411703079      -0.72815138124976087     
   135.67979238692183      -0.72830808106571254     
   135.96879065681284      -0.72845431612062650     
   136.25778892670385      -0.72859070669461112     
   136.54678719659486      -0.72871784226621772     
   136.83578546648587      -0.72883628261054390     
   137.12478373637688      -0.72894655888890503     
