   151.43575359619430       0.65651173713144495     
   151.85626756742477       0.65640146085308460     
   152.27678153865520       0.65628302050875797     
   152.69729550988563       0.65615588493715227     
   153.11780948111610       0.65601949436316676     
   153.53832345234653       0.65587325930825369     
   153.95883742357697       0.65571655949230134     
   154.37935139480743       0.65554874272975261     
   154.79986536603786       0.65536912382280033     
   155.22037933726833       0.65517698345477482     
   155.64089330849876       0.65497156708702498     
   156.06140727972920       0.65475208386281891     
   156.48192125095966       0.65451770552201860     
   156.90243522219009       0.65426756533050223     
   157.32294919342056       0.65400075702851290     
   157.74346316465099       0.65371633380236038     
   158.16397713588142       0.65341330728407254     
   158.58449110711189       0.65309064658384741     
   159.00500507834232       0.65274727736030813     
   159.42551904957278       0.65238208093382666     
   159.84603302080322       0.65199389344826364     
   160.26654699203365       0.65158150508677948     
   160.68706096326412       0.65114365934739482     
   161.10757493449455       0.65067905238424451     
   161.52808890572499       0.65018633242052215     
   161.94860287695545       0.64966409923927071     
   162.36911684818588       0.64911090375826985     
   162.78963081941635       0.64852524769532338     
   163.21014479064678       0.64790558333033643     
   163.63065876187721       0.64725031337059669     
   164.05117273310768       0.64655779092567445     
   164.47168670433811       0.64582631959834869     
   164.89220067556857       0.64505415369792141     
   165.31271464679901       0.64423949858221197     
   165.73322861802944       0.64338051113439554     
   166.15374258925991       0.64247530038077394     
   166.57425656049034       0.64152192825531595     
   166.99477053172080       0.64051841051668590     
   167.41528450295124       0.63946271782318931     
   167.83579847418167       0.63835277697081305     
   168.25631244541214       0.63718647229923953     
   168.67682641664257       0.63596164727035576     
   169.09734038787303       0.63467610622341453     
   169.51785435910347       0.63332761631058254     
   169.93836833033390       0.63191390961615712     
   170.35888230156436       0.63043268546224973     
   170.77939627279480       0.62888161290322775     
   171.19991024402523       0.62725833341060167     
   171.62042421525570       0.62556046374951824     
   172.04093818648613       0.62378559904733399     
   172.46145215771659       0.62193131605413732     
   172.88196612894703       0.61999517659436876     
   173.30248010017746       0.61797473120799307     
   173.72299407140792       0.61586752297893721     
   174.14350804263836       0.61367109154773458     
   174.56402201386882       0.61138297730455249     
   174.98453598509926       0.60900072575795827     
   175.40504995632969       0.60652189207398510     
   175.82556392756015       0.60394404577919925     
   176.24607789879059       0.60126477562068525     
   176.66659187002105       0.59848169457495637     
   177.08710584125149       0.59559244499702912     
   177.50761981248192       0.59259470389999125     
   177.92813378371238       0.58948618835461697     
   178.34864775494282       0.58626466099772889     
   178.76916172617328       0.58292793563720213     
   179.18967569740371       0.57947388294073776     
   179.61018966863415       0.57590043619474829     
   180.03070363986461       0.57220559711897323     
   180.45121761109505       0.56838744172174871     
   180.87173158232548       0.56444412618017070     
   181.29224555355594       0.56037389272879568     
   181.71275952478638       0.55617507553991863     
   182.13327349601684       0.55184610657796807     
   182.55378746724728       0.54738552141006802     
   182.97430143847771       0.54279196495440951     
   183.39481540970817       0.53806419714773002     
   183.81532938093861       0.53320109851290320     
   184.23584335216907       0.52820167560743714     
   184.65635732339950       0.52306506633352157     
   185.07687129462994       0.51779054509020672     
   185.49738526586040       0.51237752774830669     
   185.91789923709084       0.50682557642869663     
   186.33841320832130       0.50113440406485066     
   186.75892717955173       0.49530387873072174     
   187.17944115078217       0.48933402771539064     
   187.59995512201263       0.48322504132634592     
   188.02046909324307       0.47697727640374465     
   188.44098306447353       0.47059125952860248     
   188.86149703570396       0.46406768990853753     
   189.28201100693440       0.45740744192542843     
   189.70252497816486       0.45061156733020924     
   190.12303894939529       0.44368129707090942     
   190.54355292062573       0.43661804274105281     
   190.96406689185619       0.42942339763658893     
   191.38458086308663       0.42209913741066318     
   191.80509483431709       0.41464722031671186     
   192.22560880554752       0.40706978703166263     
   192.64612277677796       0.39936916005229450     
   193.06663674800842       0.39154784265920461     
   193.48715071923885       0.38360851744424129     
   193.90766469046932       0.37555404439868967     
   194.32817866169975       0.36738745856102278     
   194.74869263293019       0.35911196722450112     
   195.16920660416065       0.35073094670648253     
   195.58972057539108       0.34224793868282105     
   196.01023454662155       0.33366664609230023     
   196.43074851785198       0.32499092861761986     
   196.85126248908242       0.31622479775097662     
   197.27177646031288       0.30737241145384242     
   197.69229043154331       0.29843806842204390     
   198.11280440277375       0.28942620196873053     
   198.53331837400421       0.28034137353928335     
   198.95383234523464       0.27118826587361117     
   199.37434631646511       0.26197167583263437     
   199.79486028769554       0.25269650690707846     
   200.21537425892598       0.24336776142790550     
   200.63588823015644       0.23399053249891022     
   201.05640220138687       0.22456999567308317     
   201.47691617261734       0.21511140039534976     
   201.89743014384777       0.20562006123524901     
   202.31794411507821       0.19610134893391168     
   202.73845808630867       0.18656068129047587     
   203.15897205753910       0.17700351391369867     
   203.57948602876957       0.16743533086506146     
   204.00000000000000       0.15786163522012575     
   204.42051397123043       0.14828793957519004     
   204.84102794246090       0.13871975652655288     
   205.26154191369133       0.12916258914977563     
   205.68205588492179       0.11962192150633988     
   206.10256985615223       0.11010320920500249     
   206.52308382738266       0.10061187004490169     
   206.94359779861313        9.1153274767168391E-002
   207.36411176984356        8.1732737941341282E-002
   207.78462574107400        7.2355509012346664E-002
   208.20513971230446        6.3026763533173047E-002
   208.62565368353489        5.3751594607617137E-002
   209.04616765476536        4.4535004566640279E-002
   209.46668162599579        3.5381896900968157E-002
   209.88719559722622        2.6297068471521579E-002
   210.30770956845669        1.7285202018207602E-002
   210.72822353968712        8.3508589864090821E-003
   211.14873751091758       -5.0152731072505841E-004
   211.56925148214802       -9.2676581773684097E-003
   211.98976545337845       -1.7943375652048732E-002
   212.41027942460892       -2.6524668242569605E-002
   212.83079339583935       -3.5007676266231025E-002
   213.25130736706981       -4.3388696784249614E-002
   213.67182133830025       -5.1664188120771226E-002
   214.09233530953068       -5.9830773958438166E-002
   214.51284928076115       -6.7885247003989790E-002
   214.93336325199158       -7.5824572218953112E-002
   215.35387722322201       -8.3645889612042446E-002
   215.77439119445248       -9.1346516591411131E-002
   216.19490516568291       -9.8923949876460360E-002
   216.61541913691337      -0.10637586697041168     
   217.03593310814381      -0.11370012719633749     
   217.45644707937424      -0.12089477230080081     
   217.87696105060471      -0.12795802663065792     
   218.29747502183514      -0.13488829688995774     
   218.71798899306560      -0.14168417148517698     
   219.13850296429604      -0.14834441946828603     
   219.55901693552647      -0.15486798908835098     
   219.97953090675693      -0.16125400596349315     
   220.40004487798737      -0.16750177088609441     
   220.82055884921783      -0.17361075727513919     
   221.24107282044827      -0.17958060829047018     
   221.66158679167870      -0.18541113362459916     
   222.08210076290916      -0.19110230598844513     
   222.50261473413960      -0.19665425730805508     
   222.92312870537006      -0.20206727464995533     
   223.34364267660050      -0.20734179589327006     
   223.76415664783093      -0.21247840516718564     
   224.18467061906139      -0.21747782807265170     
   224.60518459029183      -0.22234092670747851     
   225.02569856152226      -0.22706869451415768     
   225.44621253275272      -0.23166225096981663     
   225.86672650398316      -0.23612283613771645     
   226.28724047521362      -0.24045180509966702     
   226.70775444644406      -0.24465062228854417     
   227.12826841767449      -0.24872085573991898     
   227.54878238890495      -0.25266417128149732     
   227.96929636013539      -0.25648232667872173     
   228.38981033136585      -0.26017716575449679     
   228.81032430259629      -0.26375061250048626     
   229.23083827382672      -0.26720466519695063     
   229.65135224505718      -0.27054139055747750     
   230.07186621628762      -0.27376291791436536     
   230.49238018751808      -0.27687143345973964     
   230.91289415874851      -0.27986917455677773     
   231.33340812997895      -0.28275842413470487     
   231.75392210120941      -0.28554150518043364     
   232.17443607243985      -0.28822077533894774     
   232.59495004367031      -0.29079862163373360     
   233.01546401490074      -0.29327745531770677     
   233.43597798613118      -0.29565970686430099     
   233.85649195736164      -0.29794782110748308     
   234.27700592859208      -0.30014425253868571     
   234.69751989982251      -0.30225146076774123     
   235.11803387105297      -0.30427190615411726     
   235.53854784228341      -0.30620804561388570     
   235.95906181351387      -0.30806232860708238     
   236.37957578474430      -0.30983719330926673     
   236.80008975597474      -0.31153506297035027     
   237.22060372720520      -0.31315834246297614     
   237.64111769843564      -0.31470941502199812     
   238.06163166966610      -0.31619063917590562     
   238.48214564089653      -0.31760434587033115     
   238.90265961212697      -0.31895283578316302     
   239.32317358335743      -0.32023837683010437     
   239.74368755458786      -0.32146320185898802     
   240.16420152581833      -0.32262950653056166     
   240.58471549704876      -0.32373944738293770     
   241.00522946827920      -0.32479514007643440     
   241.42574343950966      -0.32579865781506434     
   241.84625741074009      -0.32675202994052255     
   242.26677138197056      -0.32765724069414404     
   242.68728535320099      -0.32851622814196046     
   243.10779932443143      -0.32933088325766990     
   243.52831329566189      -0.33010304915809718     
   243.94882726689232      -0.33083452048542294     
   244.36934123812276      -0.33152704293034507     
   244.78985520935322      -0.33218231289008482     
   245.21036918058365      -0.33280197725507188     
   245.63088315181412      -0.33338763331801824     
   246.05139712304455      -0.33394082879901921     
   246.47191109427499      -0.33446306198027054     
   246.89242506550545      -0.33495578194399311     
   247.31293903673588      -0.33542038890714332     
   247.73345300796635      -0.33585823464652809     
   248.15396697919678      -0.33627062300801214     
   248.57448095042722      -0.33665881049357516     
   248.99499492165768      -0.33702400692005663     
   249.41550889288811      -0.33736737614359591     
   249.83602286411858      -0.33769003684382104     
   250.25653683534901      -0.33799306336210877     
   250.67705080657944      -0.33827748658826140     
   251.09756477780991      -0.33854429489025073     
   251.51807874904034      -0.33879443508176721     
   251.93859272027078      -0.33902881342256730     
   252.35910669150124      -0.33924829664677347     
   252.77962066273167      -0.33945371301452332     
   253.20013463396214      -0.33964585338254882     
   253.62064860519257      -0.33982547228950111     
   254.04116257642301      -0.33999328905204973     
   254.46167654765347      -0.34014998886800207     
   254.88219051888390      -0.34029622392291525     
   255.30270449011437      -0.34043261449690077     
   255.72321846134480      -0.34055975006850647     
   256.14373243257523      -0.34067819041283320     
   256.56424640380567      -0.34078846669119345     
