   151.43575359619430        2.5293894888467799E-004
   152.06652455303998        2.8160352750358037E-004
   152.69729550988563        3.1311049607672046E-004
   153.32806646673131        3.4769169418522630E-004
   153.95883742357697        3.8559212925757776E-004
   154.58960838042265        4.2707009251729037E-004
   155.22037933726833        4.7239719703635999E-004
   155.85115029411398        5.2185832909806557E-004
   156.48192125095966        5.7575150394782834E-004
   157.11269220780531        6.3438761696973792E-004
   157.74346316465099        6.9809008137861625E-004
   158.37423412149667        7.6719434367193814E-004
   159.00500507834232        8.4204726835179246E-004
   159.63577603518800        9.2300638381203183E-004
   160.26654699203365        1.0104389817974129E-003
   160.89731794887933        1.1047210634863626E-003
   161.52808890572499        1.2062361260316895E-003
   162.15885986257067        1.3153737843187388E-003
   162.78963081941635        1.4325282237694558E-003
   163.42040177626200        1.5580964812351137E-003
   164.05117273310768        1.6924765523778330E-003
   164.68194368995333        1.8360653254384963E-003
   165.31271464679901        1.9892563429207682E-003
   165.94348560364469        2.1524373944788624E-003
   166.57425656049034        2.3259879461713586E-003
   167.20502751733602        2.5102764132207060E-003
   167.83579847418167        2.7056572854834431E-003
   168.46656943102735        2.9124681169720910E-003
   169.09734038787303        3.1310263929548322E-003
   169.72811134471868        3.3616262903727431E-003
   170.35888230156436        3.6045353495301859E-003
   170.98965325841002        3.8599910772064731E-003
   171.62042421525570        4.1281975034780311E-003
   172.25119517210135        4.4093217165988010E-003
   172.88196612894703        4.7034904022342271E-003
   173.51273708579271        5.0107864151464837E-003
   174.14350804263836        5.3312454130567174E-003
   174.77427899948404        5.6648525838299373E-003
   175.40504995632969        6.0115394983099842E-003
   176.03582091317537        6.3711811220463349E-003
   176.66659187002105        6.7435930197708239E-003
   177.29736282686670        7.1285287867777769E-003
   177.92813378371238        7.5256777413089358E-003
   178.55890474055803        7.9346629116264760E-003
   179.18967569740371        8.3550393506569079E-003
   179.82044665424937        8.7862928098909523E-003
   180.45121761109505        9.2278388026253520E-003
   181.08198856794073        9.6790220846244401E-003
   181.71275952478638        1.0139116577869020E-002
   182.34353048163206        1.0607325760251335E-002
   182.97430143847771        1.1082783540883262E-002
   183.60507239532339        1.1564555637129655E-002
   184.23584335216907        1.2051641465582083E-002
   184.86661430901472        1.2542976554984849E-002
   185.49738526586040        1.3037435484646764E-002
   186.12815622270605        1.3533835347162768E-002
   186.75892717955173        1.4030939729375006E-002
   187.38969813639741        1.4527463200471300E-002
   188.02046909324307        1.5022076291008669E-002
   188.65124005008875        1.5513410941513770E-002
   189.28201100693440        1.6000066394213697E-002
   189.91278196378008        1.6480615496451100E-002
   190.54355292062573        1.6953611379496959E-002
   191.17432387747141        1.7417594471859889E-002
   191.80509483431709        1.7871099801858727E-002
   192.43586579116274        1.8312664540240879E-002
   193.06663674800842        1.8740835730044963E-002
   193.69740770485407        1.9154178147778953E-002
   194.32817866169975        1.9551282237363486E-002
   194.95894961854543        1.9930772056215088E-002
   195.58972057539108        2.0291313171357791E-002
   196.22049153223676        2.0631620442580594E-002
   196.85126248908242        2.0950465629428341E-002
   197.48203344592810        2.1246684759240384E-002
   198.11280440277375        2.1519185194540078E-002
   198.74357535961943        2.1766952339830614E-002
   199.37434631646511        2.1989055930255730E-002
   200.00511727331076        2.2184655847621984E-002
   200.63588823015644        2.2353007412922773E-002
   201.26665918700209        2.2493466108719887E-002
   201.89743014384777        2.2605491689481883E-002
   202.52820110069345        2.2688651643199522E-002
   203.15897205753910        2.2742623973240679E-002
   203.78974301438478        2.2767199275406231E-002
   204.42051397123043        2.2762282091437731E-002
   205.05128492807611        2.2727891526734205E-002
   205.68205588492179        2.2664161126684259E-002
   206.31282684176745        2.2571338012733692E-002
   206.94359779861313        2.2449781286009787E-002
   207.57436875545878        2.2299959712933439E-002
   208.20513971230446        2.2122448713692459E-002
   208.83591066915011        2.1917926680649923E-002
   209.46668162599579        2.1687170659648800E-002
   210.09745258284147        2.1431051432682712E-002
   210.72822353968712        2.1150528045470317E-002
   211.35899449653280        2.0846641828043706E-002
   211.98976545337845        2.0520509960490645E-002
   212.62053641022413        2.0173318639435368E-002
   213.25130736706981        1.9806315903672163E-002
   213.88207832391547        1.9420804179553330E-002
   214.51284928076115        1.9018132608265095E-002
   215.14362023760680        1.8599689217993348E-002
   215.77439119445248        1.8166893004186599E-002
   216.40516215129813        1.7721185980679201E-002
   217.03593310814381        1.7264025263357616E-002
   217.66670406498949        1.6796875246367100E-002
   218.29747502183514        1.6321199928594057E-002
   218.92824597868082        1.5838455445364125E-002
   219.55901693552647        1.5350082857011177E-002
   220.18978789237215        1.4857501242248250E-002
   220.82055884921783        1.4362101140165416E-002
   221.45132980606348        1.3865238380245984E-002
   222.08210076290916        1.3368228335095827E-002
   222.71287171975482        1.2872340625680668E-002
   223.34364267660050        1.2378794303825481E-002
   223.97441363344618        1.1888753531613977E-002
   224.60518459029183        1.1403323772191125E-002
   225.23595554713751        1.0923548501381823E-002
   225.86672650398316        1.0450406444547472E-002
   226.49749746082884        9.9848093382628161E-003
   227.12826841767449        9.5276002117595533E-003
   227.75903937452017        9.0795521786909746E-003
   228.38981033136585        8.6413677256679308E-003
   229.02058128821150        8.2136784802297920E-003
   229.65135224505718        7.7970454374778741E-003
   230.28212320190283        7.3919596215331236E-003
   230.91289415874851        6.9988431553021551E-003
   231.54366511559419        6.6180507097596446E-003
   232.17443607243985        6.2498713020826858E-003
   232.80520702928553        5.8945304105082353E-003
   233.43597798613118        5.5521923727209332E-003
   234.06674894297686        5.2229630339062742E-003
   234.69751989982251        4.9068926103111006E-003
   235.32829085666819        4.6039787342186571E-003
   235.95906181351387        4.3141696466512183E-003
   236.58983277035952        4.0373675048315820E-003
   237.22060372720520        3.7734317724415684E-003
   237.85137468405085        3.5221826619803529E-003
   238.48214564089653        3.2834046000178845E-003
   239.11291659774221        3.0568496878287891E-003
   239.74368755458786        2.8422411317460391E-003
   240.37445851143355        2.6392766195618669E-003
   241.00522946827920        2.4476316213930694E-003
   241.63600042512488        2.2669625955887376E-003
   242.26677138197056        2.0969100824624609E-003
   242.89754233881621        1.9371016708485235E-003
   243.52831329566189        1.7871548246886015E-003
   244.15908425250754        1.6466795590267267E-003
   244.78985520935322        1.5152809569044389E-003
   245.42062616619887        1.3925615206863955E-003
   246.05139712304455        1.2781233532910112E-003
   246.68216807989023        1.1715701666380387E-003
   247.31293903673588        1.0725091163418272E-003
   247.94370999358156        9.8055246326708267E-004
   248.57448095042722        8.9531906401527322E-004
   249.20525190727290        8.1643569371965996E-004
   249.83602286411858        7.4353820569299624E-004
   250.46679382096423        6.7627253349268547E-004
   251.09756477780991        6.1429554184559622E-004
   251.72833573465556        5.5727573361104114E-004
   252.35910669150124        5.0489382056004793E-004
   252.98987764834689        4.5684316621791738E-004
   253.62064860519257        4.1283010936130944E-004
   254.25141956203825        3.7257417698899613E-004
   254.88219051888390        3.3580819570473513E-004
   255.51296147572958        3.0227831047085937E-004
   256.14373243257523        2.7174391962110720E-004
   256.77450338942089        2.4397753487051437E-004
   257.40527434626659        2.1876457483857277E-004
   258.03604530311225        1.9590310031857201E-004
   258.66681625995790        1.7520349919055445E-004
   259.29758721680361        1.5648812849666929E-004
   259.92835817364926        1.3959092078432255E-004
   260.55912913049491        1.2435696138273972E-004
   261.18990008734062        1.1064204281996302E-004
   261.82067104418627        9.8312202116837064E-005
   262.45144200103192        8.7243246218765921E-005
   263.08221295787757        7.7320270350744949E-005
   263.71298391472328        6.8437173611448469E-005
   264.34375487156893        6.0496175662677104E-005
   264.97452582841458        5.3407337925008612E-005
   265.60529678526029        4.7088092262459703E-005
   266.23606774210594        4.1462779730954388E-005
   266.86683869895160        3.6462201579644738E-005
   267.49760965579725        3.2023184332252548E-005
   268.12838061264296        2.8088160438707817E-005
   268.75915156948861        2.4604765676228086E-005
   269.38992252633426        2.1525454193869619E-005
   270.02069348317997        1.8807131835495657E-005
   270.65146444002562        1.6410808142650642E-005
   271.28223539687127        1.4301267230423131E-005
   271.91300635371698        1.2446757545167513E-005
   272.54377731056263        1.0818700351888705E-005
   273.17454826740828        9.3914166600140458E-006
   273.80531922425394        8.1418721778798962E-006
   274.43609018109964        7.0494397871529913E-006
   275.06686113794530        6.0956789471753925E-006
   275.69763209479095        5.2641313743853718E-006
   276.32840305163666        4.5401322920721585E-006
   276.95917400848231        3.9106365093037499E-006
   277.58994496532796        3.3640585635143695E-006
   278.22071592217361        2.8901261475750597E-006
   278.85148687901932        2.4797460378777012E-006
   279.48225783586497        2.1248817438005839E-006
   280.11302879271062        1.8184421097136634E-006
   280.74379974955633        1.5541801173377407E-006
   281.37457070640198        1.3266011577805008E-006
   282.00534166324763        1.1308800680139851E-006
   282.63611262009329        9.6278625509299906E-007
   283.26688357693899        8.1861626228535344E-007
   283.89765453378465        6.9513316382260350E-007
   284.52842549063030        5.8951220858675598E-007
   285.15919644747601        4.9929216720642764E-007
   285.78996740432166        4.2233187129421071E-007
   286.42073836116731        3.5677146753375205E-007
   287.05150931801302        3.0099794269759188E-007
   287.68228027485867        2.5361450817883989E-007
   288.31305123170432        2.1341346403690215E-007
   288.94382218854997        1.7935219272059098E-007
   289.57459314539568        1.5053196141286589E-007
   290.20536410224133        1.2617923924933730E-007
   290.83613505908698        1.0562926143748861E-007
   291.46690601593269        8.8311596513792154E-008
   292.09767697277834        7.3737495612958677E-008
   292.72844792962400        6.1488823699461102E-008
   293.35921888646965        5.1208392254480709E-008
   293.98998984331536        4.2591530963340428E-008
   294.62076080016101        3.5378752562186384E-008
   295.25153175700666        2.9349380239020921E-008
   295.88230271385237        2.4316020910488054E-008
   296.51307367069802        2.0119780383396159E-008
   297.14384462754367        1.6626127932988584E-008
   297.77461558438938        1.3721328263686624E-008
   298.40538654123503        1.1309368237717658E-008
   299.03615749808068        9.3093142371098138E-009
   299.66692845492634        7.6530436375765270E-009
   300.29769941177204        6.2833006890376944E-009
   300.92847036861770        5.1520331843024507E-009
   301.55924132546335        4.2189717188366798E-009
   302.19001228230906        3.4504181611671186E-009
   302.82078323915471        2.8182142222369997E-009
   303.45155419600036        2.2988647861137087E-009
   304.08232515284601        1.8727939932644165E-009
   304.71309610969172        1.5237149968482142E-009
   305.34386706653737        1.2380968841882093E-009
   305.97463802338302        1.0047145083220647E-009
   306.60540898022873        8.1426894346942726E-010
   307.23617993707438        6.5906799538018083E-010
   307.86695089392003        5.3275769181330458E-010
   308.49772185076574        4.3009697598881709E-010
   309.12849280761139        3.4676895027388783E-010
