   1.0000000000000000        166.62474031027068     
   2.0000000000000000        330.20672075120206     
   3.0000000000000000        490.26059652184767     
   4.0000000000000000        646.27374919184956     
   5.0000000000000000        797.71580347716258     
   6.0000000000000000        944.05015169654234     
   7.0000000000000000        1084.7471489256977     
   8.0000000000000000        1219.2984921621578     
   9.0000000000000000        1349.2984921547259     
   10.000000000000000        1479.2984921472939     
   11.000000000000000        1609.2984921398620     
   12.000000000000000        1739.2984921324301     
   13.000000000000000        1869.2984921249981     
   14.000000000000000        1999.2984921175662     
   15.000000000000000        2129.2984921101342     
   16.000000000000000        2259.2984921027023     
   17.000000000000000        2389.2984920952704     
   18.000000000000000        2519.2984920878384     
   19.000000000000000        2649.2984920804065     
   20.000000000000000        2779.2984920729746     
   21.000000000000000        2909.2984920655426     
   22.000000000000000        3039.2984920581107     
   23.000000000000000        3169.2984920506788     
   24.000000000000000        3299.2984920432468     
   25.000000000000000        3429.2984920358149     
   26.000000000000000        3559.2984920283830     
   27.000000000000000        3689.2984920209510     
   28.000000000000000        3819.2984920135191     
   29.000000000000000        3949.2984920060871     
   30.000000000000000        4079.2984919986552     
   31.000000000000000        4209.2984919912233     
   32.000000000000000        4339.2984919837909     
   33.000000000000000        4469.2984919763585     
   34.000000000000000        4599.2984919689261     
   35.000000000000000        4729.2984919614937     
   36.000000000000000        4859.2984919540613     
   37.000000000000000        4989.2984919466289     
   38.000000000000000        5119.2984919391965     
   39.000000000000000        5249.2984919317641     
   40.000000000000000        5379.2984919243308     
   41.000000000000000        5509.2984919168948     
   42.000000000000000        5639.2984919094524     
   43.000000000000000        5769.2984919019937     
   44.000000000000000        5899.2984918944940     
   45.000000000000000        6029.2984918868960     
   46.000000000000000        6159.2984918790607     
   47.000000000000000        6289.2984918706679     
   48.000000000000000        6419.2984918609791     
   49.000000000000000        6549.2984918483262     
   50.000000000000000        6679.2984918290022     
   51.000000000000000        6809.2984917948907     
   52.000000000000000        6939.2984917285148     
   53.000000000000000        7069.2984915928264     
   54.000000000000000        7199.2984913105465     
   55.000000000000000        7329.2984907230320     
   56.000000000000000        7459.2984895097979     
   57.000000000000000        7589.2984870337232     
   58.000000000000000        7719.2984820484171     
   59.000000000000000        7849.2984721545363     
   60.000000000000000        7979.2984528071511     
   61.000000000000000        8109.2984155350150     
   62.000000000000000        8239.2983448020877     
   63.000000000000000        8369.2982125738345     
   64.000000000000000        8499.2979690774409     
   65.000000000000000        8629.2975273725024     
   66.000000000000000        8759.2967380539612     
   67.000000000000000        8889.2953485381786     
   68.000000000000000        9019.2929387548265     
   69.000000000000000        9149.2888214859559     
   70.000000000000000        9279.2818908730551     
   71.000000000000000        9409.2703966185454     
   72.000000000000000        9539.2516141167489     
   73.000000000000000        9669.2213723290424     
   74.000000000000000        9799.1733921225568     
   75.000000000000000        9929.0983788596186     
   76.000000000000000        10058.982805563312     
   77.000000000000000        10188.807318811783     
   78.000000000000000        10318.544700930684     
   79.000000000000000        10448.157331702734     
   80.000000000000000        10577.594113408171     
   81.000000000000000        10706.786856908477     
   82.000000000000000        10835.646175138725     
   83.000000000000000        10964.056993686316     
   84.000000000000000        11091.873863840834     
   85.000000000000000        11218.916346680475     
   86.000000000000000        11344.964819644010     
   87.000000000000000        11469.757129244877     
   88.000000000000000        11592.986562914240     
   89.000000000000000        11714.301626742850     
   90.000000000000000        11833.308082831003     
   91.000000000000000        11949.573612248450     
   92.000000000000000        12062.635325015170     
   93.000000000000000        12172.010141999006     
   94.000000000000000        12272.010141993289     
   95.000000000000000        12372.010141987572     
   96.000000000000000        12472.010141981855     
   97.000000000000000        12572.010141976138     
   98.000000000000000        12672.010141970421     
   99.000000000000000        12772.010141964704     
   100.00000000000000        12872.010141958986     
   101.00000000000000        12972.010141953269     
   102.00000000000000        13072.010141947552     
   103.00000000000000        13172.010141941835     
   104.00000000000000        13272.010141936118     
   105.00000000000000        13372.010141930401     
   106.00000000000000        13472.010141924684     
   107.00000000000000        13572.010141918967     
   108.00000000000000        13672.010141913250     
   109.00000000000000        13772.010141907533     
   110.00000000000000        13872.010141901816     
   111.00000000000000        13972.010141896099     
   112.00000000000000        14072.010141890381     
   113.00000000000000        14172.010141884664     
   114.00000000000000        14272.010141878947     
   115.00000000000000        14372.010141873230     
   116.00000000000000        14472.010141867513     
   117.00000000000000        14572.010141861796     
   118.00000000000000        14672.010141856079     
   119.00000000000000        14772.010141850362     
   120.00000000000000        14872.010141844645     
   121.00000000000000        14972.010141838928     
   122.00000000000000        15072.010141833209     
   123.00000000000000        15172.010141827486     
   124.00000000000000        15272.010141821758     
   125.00000000000000        15372.010141816016     
   126.00000000000000        15472.010141810240     
   127.00000000000000        15572.010141804396     
   128.00000000000000        15672.010141798399     
   129.00000000000000        15772.010141792072     
   130.00000000000000        15872.010141785047     
   131.00000000000000        15972.010141776558     
   132.00000000000000        16072.010141765040     
   133.00000000000000        16172.010141747327     
   134.00000000000000        16272.010141717103     
   135.00000000000000        16372.010141661916     
   136.00000000000000        16472.010141557541     
   137.00000000000000        16572.010141357423     
   138.00000000000000        16672.010140973238     
   139.00000000000000        16772.010140239508     
   140.00000000000000        16872.010138850139     
   141.00000000000000        16972.010136246055     
   142.00000000000000        17072.010131419036     
   143.00000000000000        17172.010122573887     
   144.00000000000000        17272.010106554695     
   145.00000000000000        17372.010077883820     
   146.00000000000000        17472.010027174751     
   147.00000000000000        17572.009938547482     
   148.00000000000000        17672.009785479091     
   149.00000000000000        17772.009524236855     
   150.00000000000000        17872.009083634766     
   151.00000000000000        17972.008349286665     
   152.00000000000000        18072.007139753790     
   153.00000000000000        18172.005170949855     
   154.00000000000000        18272.002003819955     
   155.00000000000000        18371.996968603944     
   156.00000000000000        18471.989056899623     
   157.00000000000000        18571.976770254911     
   158.00000000000000        18671.957911187703     
   159.00000000000000        18771.929299471001     
   160.00000000000000        18871.886393431967     
   161.00000000000000        18971.822793207291     
   162.00000000000000        19071.729600804829     
   163.00000000000000        19171.594610995962     
   164.00000000000000        19271.401308163266     
   165.00000000000000        19371.127647978952     
   166.00000000000000        19470.744609916517     
   167.00000000000000        19570.214517732435     
   168.00000000000000        19669.489140614311     
   169.00000000000000        19768.507607745840     
   170.00000000000000        19867.194193171170     
   171.00000000000000        19965.456055034538     
   172.00000000000000        20063.181041834261     
   173.00000000000000        20160.235705898096     
   174.00000000000000        20256.463687911470     
   175.00000000000000        20351.684652679018     
   176.00000000000000        20445.693961963709     
   177.00000000000000        20538.263262136083     
   178.00000000000000        20629.142140158823     
   179.00000000000000        20718.060960031406     
   180.00000000000000        20804.734933736963     
   181.00000000000000        20888.869408339913     
   182.00000000000000        20970.166268461791     
   183.00000000000000        21048.331266922432     
   184.00000000000000        21127.280535262697     
   185.00000000000000        21205.890024753393     
   186.00000000000000        21284.070014193174     
   187.00000000000000        21361.713745444242     
   188.00000000000000        21438.696131054941     
   189.00000000000000        21514.872902868981     
   190.00000000000000        21590.080350296736     
   191.00000000000000        21664.135790434633     
   192.00000000000000        21736.838892852826     
   193.00000000000000        21807.973948750889     
   194.00000000000000        21877.313127715333     
   195.00000000000000        21944.620707397695     
   196.00000000000000        22009.658195495198     
   197.00000000000000        22072.190194263712     
   198.00000000000000        22131.990791257696     
   199.00000000000000        22188.850202395450     
   200.00000000000000        22242.581350931330     
   201.00000000000000        22293.026043715596     
   202.00000000000000        22340.060407885117     
   203.00000000000000        22383.599278368336     
   204.00000000000000        22423.599278368336     
   205.00000000000000        22460.060407885117     
   206.00000000000000        22493.026043715596     
   207.00000000000000        22522.581350931330     
   208.00000000000000        22548.850202395450     
   209.00000000000000        22571.990791257696     
   210.00000000000000        22592.190194263712     
   211.00000000000000        22609.658195495198     
   212.00000000000000        22649.658195341523     
   213.00000000000000        22689.658195048032     
   214.00000000000000        22729.658194492284     
   215.00000000000000        22769.658193450650     
   216.00000000000000        22809.658191519844     
   217.00000000000000        22849.658187981786     
   218.00000000000000        22889.658181574108     
   219.00000000000000        22929.658170105758     
   220.00000000000000        22969.658149822131     
   221.00000000000000        23009.658114371225     
   222.00000000000000        23049.658053143867     
   223.00000000000000        23089.657948646971     
   224.00000000000000        23129.657772406135     
   225.00000000000000        23169.657478666893     
   226.00000000000000        23209.656994853744     
   227.00000000000000        23249.656207332169     
   228.00000000000000        23289.654940480210     
   229.00000000000000        23329.652926393806     
   230.00000000000000        23369.649761712077     
   231.00000000000000        23409.644847054191     
   232.00000000000000        23449.637303427306     
   233.00000000000000        23489.625858740623     
   234.00000000000000        23529.608696325009     
   235.00000000000000        23569.583256235139     
   236.00000000000000        23609.545979274153     
   237.00000000000000        23649.491983350606     
   238.00000000000000        23689.414662217529     
   239.00000000000000        23729.305198143804     
   240.00000000000000        23769.151982918829     
   241.00000000000000        23808.939946045197     
   242.00000000000000        23848.649795197947     
   243.00000000000000        23888.257182050558     
   244.00000000000000        23927.731816220690     
   245.00000000000000        23967.036560966037     
   246.00000000000000        24006.126555685925     
   247.00000000000000        24044.948421311459     
   248.00000000000000        24083.439614116807     
   249.00000000000000        24121.528000023827     
   250.00000000000000        24159.131723737704     
   251.00000000000000        24196.159443806653     
   252.00000000000000        24232.510995015749     
   253.00000000000000        24268.078522964781     
   254.00000000000000        24302.748112447003     
   255.00000000000000        24336.401902288184     
   256.00000000000000        24368.920646336934     
   257.00000000000000        24400.186645721191     
   258.00000000000000        24430.086944218183     
   259.00000000000000        24458.516649787060     
   260.00000000000000        24485.382224055000     
   261.00000000000000        24510.604570447133     
   262.00000000000000        24534.121752531893     
   263.00000000000000        24555.891187773504     
   264.00000000000000        24575.891187773504     
   265.00000000000000        24594.121752531893     
   266.00000000000000        24610.604570447133     
   267.00000000000000        24625.382224055000     
   268.00000000000000        24638.516649787060     
   269.00000000000000        24650.086944218183     
   270.00000000000000        24660.186645721191     
   271.00000000000000        24668.920646336934     
   272.00000000000000        24676.401902288184     
   273.00000000000000        24682.748112447003     
   274.00000000000000        24688.078522964781     
   275.00000000000000        24692.510995015749     
   276.00000000000000        24696.159443806653     
   277.00000000000000        24699.131723737704     
   278.00000000000000        24701.528000023827     
   279.00000000000000        24703.439614116807     
   280.00000000000000        24704.948421311459     
   281.00000000000000        24706.126555685925     
   282.00000000000000        24707.036560966037     
   283.00000000000000        24707.731816220690     
   284.00000000000000        24708.257182050558     
   285.00000000000000        24708.649795197947     
   286.00000000000000        24708.939946045197     
   287.00000000000000        24709.151982918829     
   288.00000000000000        24709.305198143804     
   289.00000000000000        24709.414662217529     
   290.00000000000000        24709.491983350606     
   291.00000000000000        24709.545979274153     
   292.00000000000000        24709.583256235139     
   293.00000000000000        24709.608696325009     
   294.00000000000000        24709.625858740623     
   295.00000000000000        24709.637303427306     
   296.00000000000000        24709.644847054191     
   297.00000000000000        24709.649761712077     
   298.00000000000000        24709.652926393806     
   299.00000000000000        24709.654940480210     
   300.00000000000000        24709.656207332169     
   301.00000000000000        24709.656994853744     
   302.00000000000000        24709.657478666893     
   303.00000000000000        24709.657772406135     
   304.00000000000000        24709.657948646971     
   305.00000000000000        24709.658053143867     
   306.00000000000000        24709.658114371225     
   307.00000000000000        24709.658149822131     
   308.00000000000000        24709.658170105758     
   309.00000000000000        24709.658181574108     
   310.00000000000000        24709.658187981786     
   311.00000000000000        24709.658191519844     
   312.00000000000000        24709.658193450650     
   313.00000000000000        24709.658194492284     
   314.00000000000000        24709.658195048032     
   315.00000000000000        24709.658195341523     
   316.00000000000000        24709.658195495198     
   317.00000000000000        24709.658195575244     
   318.00000000000000        24709.658195616994     
   319.00000000000000        24709.658195639069     
   320.00000000000000        24709.658195651158     
