   1.0000000000000000       -1834.7637991923150     
   2.0000000000000000       -1672.5450019217246     
   3.0000000000000000       -1513.8249084491677     
   4.0000000000000000       -1359.1118653847491     
   5.0000000000000000       -1208.9318282184804     
   6.0000000000000000       -1063.8169329009288     
   7.0000000000000000       -924.29241064868302     
   8.0000000000000000       -790.86232860586006     
   9.0000000000000000       -662.36232861320627     
   10.000000000000000       -533.86232862055249     
   11.000000000000000       -405.36232862789876     
   12.000000000000000       -276.86232863524504     
   13.000000000000000       -148.36232864259117     
   14.000000000000000       -19.862328649937382     
   15.000000000000000        108.63767134271640     
   16.000000000000000        237.13767133537024     
   17.000000000000000        365.63767132802400     
   18.000000000000000        494.13767132067778     
   19.000000000000000        622.63767131333157     
   20.000000000000000        751.13767130598535     
   21.000000000000000        879.63767129863913     
   22.000000000000000        1008.1376712912929     
   23.000000000000000        1136.6376712839467     
   24.000000000000000        1265.1376712766005     
   25.000000000000000        1393.6376712692543     
   26.000000000000000        1522.1376712619081     
   27.000000000000000        1650.6376712545618     
   28.000000000000000        1779.1376712472156     
   29.000000000000000        1907.6376712398694     
   30.000000000000000        2036.1376712325232     
   31.000000000000000        2164.6376712251767     
   32.000000000000000        2293.1376712178308     
   33.000000000000000        2421.6376712104848     
   34.000000000000000        2550.1376712031388     
   35.000000000000000        2678.6376711957928     
   36.000000000000000        2807.1376711884468     
   37.000000000000000        2935.6376711811004     
   38.000000000000000        3064.1376711737539     
   39.000000000000000        3192.6376711664070     
   40.000000000000000        3321.1376711590592     
   41.000000000000000        3449.6376711517087     
   42.000000000000000        3578.1376711443522     
   43.000000000000000        3706.6376711369794     
   44.000000000000000        3835.1376711295666     
   45.000000000000000        3963.6376711220560     
   46.000000000000000        4092.1376711143116     
   47.000000000000000        4220.6376711060157     
   48.000000000000000        4349.1376710964387     
   49.000000000000000        4477.6376710839322     
   50.000000000000000        4606.1376710648310     
   51.000000000000000        4734.6376710311133     
   52.000000000000000        4863.1376709655033     
   53.000000000000000        4991.6376708313810     
   54.000000000000000        5120.1376705523580     
   55.000000000000000        5248.6376699716229     
   56.000000000000000        5377.1376687723878     
   57.000000000000000        5505.6376663248830     
   58.000000000000000        5634.1376613970997     
   59.000000000000000        5762.6376516173796     
   60.000000000000000        5891.1376324932335     
   61.000000000000000        6019.6375956511602     
   62.000000000000000        6148.1375257343816     
   63.000000000000000        6276.6373950318384     
   64.000000000000000        6405.1371543450196     
   65.000000000000000        6533.6367177366765     
   66.000000000000000        6662.1359375256570     
   67.000000000000000        6790.6345640427480     
   68.000000000000000        6919.1321820645881     
   69.000000000000000        7047.6281123026656     
   70.000000000000000        7176.1212616583753     
   71.000000000000000        7304.6099000298800     
   72.000000000000000        7433.0913342492577     
   73.000000000000000        7561.5614414052561     
   74.000000000000000        7690.0140148165374     
   75.000000000000000        7818.4398670912487     
   76.000000000000000        7946.8256273329762     
   77.000000000000000        8075.1521654285807     
   78.000000000000000        8203.3925777538007     
   79.000000000000000        8331.5096781707889     
   80.000000000000000        8459.4529585488544     
   81.000000000000000        6587.1550165472336     
   82.000000000000000        6714.5274964902101     
   83.000000000000000        6841.4566517468675     
   84.000000000000000        6967.7987118611400     
   85.000000000000000        7093.3753198987861     
   86.000000000000000        7217.9693874050499     
   87.000000000000000        7341.3217857412919     
   88.000000000000000        7463.1293413298554     
   89.000000000000000        7583.0446159604426     
   90.000000000000000        7700.6779206321926     
   91.000000000000000        7815.6019247102086     
   92.000000000000000        7927.3590792526975     
   93.000000000000000        8035.4718791174901     
   94.000000000000000        8133.9718791118585     
   95.000000000000000        8232.4718791062278     
   96.000000000000000        8330.9718791005962     
   97.000000000000000        8429.4718790949646     
   98.000000000000000        8527.9718790893330     
   99.000000000000000        8626.4718790837014     
   100.00000000000000        8724.9718790780698     
   101.00000000000000        8823.4718790724382     
   102.00000000000000        8921.9718790668067     
   103.00000000000000        9020.4718790611751     
   104.00000000000000        9118.9718790555435     
   105.00000000000000        9217.4718790499119     
   106.00000000000000        9315.9718790442803     
   107.00000000000000        9414.4718790386487     
   108.00000000000000        9512.9718790330171     
   109.00000000000000        9611.4718790273855     
   110.00000000000000        9709.9718790217539     
   111.00000000000000        9808.4718790161223     
   112.00000000000000        9906.9718790104907     
   113.00000000000000        10005.471879004859     
   114.00000000000000        10103.971878999228     
   115.00000000000000        10202.471878993596     
   116.00000000000000        10300.971878987964     
   117.00000000000000        10399.471878982333     
   118.00000000000000        10497.971878976701     
   119.00000000000000        10596.471878971070     
   120.00000000000000        10694.971878965438     
   121.00000000000000        10793.471878959806     
   122.00000000000000        10891.971878954173     
   123.00000000000000        10990.471878948538     
   124.00000000000000        11088.971878942895     
   125.00000000000000        11187.471878937238     
   126.00000000000000        11285.971878931550     
   127.00000000000000        11384.471878925793     
   128.00000000000000        11482.971878919885     
   129.00000000000000        11581.471878913653     
   130.00000000000000        11679.971878906734     
   131.00000000000000        11778.471878898372     
   132.00000000000000        11876.971878887027     
   133.00000000000000        11975.471878869579     
   134.00000000000000        12073.971878839808     
   135.00000000000000        12172.471878785449     
   136.00000000000000        12270.971878682640     
   137.00000000000000        12369.471878485525     
   138.00000000000000        12467.971878107102     
   139.00000000000000        12566.471877384380     
   140.00000000000000        12664.971876015852     
   141.00000000000000        12763.471873450830     
   142.00000000000000        12861.971868696215     
   143.00000000000000        12960.471859983743     
   144.00000000000000        13058.971844204838     
   145.00000000000000        13157.471815964027     
   146.00000000000000        13255.971766015591     
   147.00000000000000        13354.471678717731     
   148.00000000000000        13452.971527945367     
   149.00000000000000        13551.471270621763     
   150.00000000000000        13649.970836628707     
   151.00000000000000        13748.470113295827     
   152.00000000000000        13846.968921905944     
   153.00000000000000        13945.466982634067     
   154.00000000000000        14043.963863011115     
   155.00000000000000        14142.458903323344     
   156.00000000000000        14240.951110294587     
   157.00000000000000        14339.439007949544     
   158.00000000000000        14437.920431768343     
   159.00000000000000        14536.392249227390     
   160.00000000000000        14634.849986778941     
   161.00000000000000        12733.287340557637     
   162.00000000000000        12831.695546041214     
   163.00000000000000        12930.062581079479     
   164.00000000000000        13028.372177789273     
   165.00000000000000        13126.602622507724     
   166.00000000000000        13224.725330016225     
   167.00000000000000        13322.703189214903     
   168.00000000000000        13420.488692753550     
   169.00000000000000        13518.021882878105     
   170.00000000000000        13615.228169522055     
   171.00000000000000        13712.016103457474     
   172.00000000000000        13808.275215455202     
   173.00000000000000        13903.874059558080     
   174.00000000000000        13998.658621841254     
   175.00000000000000        14092.451272137288     
   176.00000000000000        14185.050441782709     
   177.00000000000000        14276.231202452496     
   178.00000000000000        14365.746897304894     
   179.00000000000000        14453.331934879387     
   180.00000000000000        14538.705798979359     
   181.00000000000000        14621.578256463266     
   182.00000000000000        14701.655663683316     
   183.00000000000000        14778.648187167048     
   184.00000000000000        14856.117156725932     
   185.00000000000000        14933.252718288677     
   186.00000000000000        15009.966832926460     
   187.00000000000000        15086.154744216572     
   188.00000000000000        15161.693710097070     
   189.00000000000000        15236.442167439594     
   190.00000000000000        15310.239475228078     
   191.00000000000000        15382.906375863391     
   192.00000000000000        15454.246295111241     
   193.00000000000000        15524.047568711218     
   194.00000000000000        15592.086638070079     
   195.00000000000000        15658.132200633396     
   196.00000000000000        15721.950235829070     
   197.00000000000000        15783.309759620674     
   198.00000000000000        15841.989095421019     
   199.00000000000000        15897.782392599940     
   200.00000000000000        15950.506082100772     
   201.00000000000000        16000.004936895331     
   202.00000000000000        16046.157406736673     
   203.00000000000000        16088.879923398332     
   204.00000000000000        16128.129923398332     
   205.00000000000000        16163.907406736673     
   206.00000000000000        16196.254936895331     
   207.00000000000000        16225.256082100772     
   208.00000000000000        16251.032392599940     
   209.00000000000000        16273.739095421019     
   210.00000000000000        16293.559759620674     
   211.00000000000000        16310.700235829070     
   212.00000000000000        16349.200235681159     
   213.00000000000000        16387.700235398675     
   214.00000000000000        16426.200234863769     
   215.00000000000000        16464.700233861196     
   216.00000000000000        16503.200232002793     
   217.00000000000000        16541.700228597412     
   218.00000000000000        16580.200222430023     
   219.00000000000000        16618.700211391737     
   220.00000000000000        16657.200191868746     
   221.00000000000000        16695.700157747247     
   222.00000000000000        16734.200098815916     
   223.00000000000000        16772.699998237655     
   224.00000000000000        16811.199828605852     
   225.00000000000000        16849.699545881831     
   226.00000000000000        16888.199080211674     
   227.00000000000000        16926.698322222161     
   228.00000000000000        16965.197102877148     
   229.00000000000000        17003.695164318982     
   230.00000000000000        17042.192118312818     
   231.00000000000000        17080.687387954604     
   232.00000000000000        17119.180127213727     
   233.00000000000000        17157.669111702795     
   234.00000000000000        17196.152592877766     
   235.00000000000000        17234.628106791268     
   236.00000000000000        17273.092227716319     
   237.00000000000000        17311.540256639906     
   238.00000000000000        17349.965835049319     
   239.00000000000000        17388.360475878359     
   240.00000000000000        17426.713006224320     
   241.00000000000000        15465.008920733448     
   242.00000000000000        15503.229650542969     
   243.00000000000000        15541.351760388608     
   244.00000000000000        15579.346095777360     
   245.00000000000000        15617.176912594758     
   246.00000000000000        15654.801032512651     
   247.00000000000000        15692.167078177228     
   248.00000000000000        15729.214851252378     
   249.00000000000000        15765.874922687884     
   250.00000000000000        15802.068506762491     
   251.00000000000000        15837.707687328855     
   252.00000000000000        15872.696055367611     
   253.00000000000000        15906.929801018554     
   254.00000000000000        15940.299280895193     
   255.00000000000000        15972.691053617329     
   256.00000000000000        16003.990344764252     
   257.00000000000000        16034.083869171600     
   258.00000000000000        16062.862906474953     
   259.00000000000000        16090.226498084998     
   260.00000000000000        16116.084613317889     
   261.00000000000000        16140.361121720316     
   262.00000000000000        16162.996409476898     
   263.00000000000000        16183.949490896948     
   264.00000000000000        16203.199490896948     
   265.00000000000000        16220.746409476898     
   266.00000000000000        16236.611121720316     
   267.00000000000000        16250.834613317889     
   268.00000000000000        16263.476498084998     
   269.00000000000000        16274.612906474953     
   270.00000000000000        16284.333869171600     
   271.00000000000000        16292.740344764252     
   272.00000000000000        16299.941053617329     
   273.00000000000000        16306.049280895193     
   274.00000000000000        16311.179801018554     
   275.00000000000000        16315.446055367611     
   276.00000000000000        16318.957687328855     
   277.00000000000000        16321.818506762491     
   278.00000000000000        16324.124922687884     
   279.00000000000000        16325.964851252378     
   280.00000000000000        16327.417078177228     
   281.00000000000000        16328.551032512651     
   282.00000000000000        16329.426912594758     
   283.00000000000000        16330.096095777360     
   284.00000000000000        16330.601760388608     
   285.00000000000000        16330.979650542969     
   286.00000000000000        16331.258920733448     
   287.00000000000000        16331.463006224320     
   288.00000000000000        16331.610475878357     
   289.00000000000000        16331.715835049317     
   290.00000000000000        16331.790256639906     
   291.00000000000000        16331.842227716321     
   292.00000000000000        16331.878106791268     
   293.00000000000000        16331.902592877768     
   294.00000000000000        16331.919111702797     
   295.00000000000000        16331.930127213727     
   296.00000000000000        16331.937387954602     
   297.00000000000000        16331.942118312816     
   298.00000000000000        16331.945164318980     
   299.00000000000000        16331.947102877144     
   300.00000000000000        16331.948322222155     
   301.00000000000000        16331.949080211671     
   302.00000000000000        16331.949545881827     
   303.00000000000000        16331.949828605846     
   304.00000000000000        16331.949998237649     
   305.00000000000000        16331.950098815911     
   306.00000000000000        16331.950157747242     
   307.00000000000000        16331.950191868740     
   308.00000000000000        16331.950211391733     
   309.00000000000000        16331.950222430019     
   310.00000000000000        16331.950228597409     
   311.00000000000000        16331.950232002791     
   312.00000000000000        16331.950233861195     
   313.00000000000000        16331.950234863767     
   314.00000000000000        16331.950235398674     
   315.00000000000000        16331.950235681159     
   316.00000000000000        16331.950235829070     
   317.00000000000000        16331.950235906115     
   318.00000000000000        16331.950235946300     
   319.00000000000000        16331.950235967548     
   320.00000000000000        16331.950235979184     
