   1.0000000000000000       -384.28837478453426     
   2.0000000000000000       -270.68977725610966     
   3.0000000000000000       -159.54125241538355     
   4.0000000000000000       -51.198785283437800     
   5.0000000000000000        53.969307970251819     
   6.0000000000000000        155.59038312259884     
   7.0000000000000000        253.29663119840123     
   8.0000000000000000        346.73506400149853     
   9.0000000000000000        421.73506399721083     
   10.000000000000000        496.73506399292319     
   11.000000000000000        571.73506398863549     
   12.000000000000000        646.73506398434779     
   13.000000000000000        721.73506398006020     
   14.000000000000000        796.73506397577250     
   15.000000000000000        871.73506397148481     
   16.000000000000000        946.73506396719722     
   17.000000000000000        1021.7350639629095     
   18.000000000000000        1096.7350639586218     
   19.000000000000000        1171.7350639543342     
   20.000000000000000        1246.7350639500467     
   21.000000000000000        1321.7350639457591     
   22.000000000000000        1396.7350639414715     
   23.000000000000000        1471.7350639371839     
   24.000000000000000        1546.7350639328963     
   25.000000000000000        1621.7350639286087     
   26.000000000000000        1696.7350639243211     
   27.000000000000000        1771.7350639200336     
   28.000000000000000        1846.7350639157460     
   29.000000000000000        1921.7350639114584     
   30.000000000000000        1996.7350639071708     
   31.000000000000000        2071.7350639028832     
   32.000000000000000        2146.7350638985954     
   33.000000000000000        2221.7350638943076     
   34.000000000000000        2296.7350638900198     
   35.000000000000000        2371.7350638857320     
   36.000000000000000        2446.7350638814441     
   37.000000000000000        2521.7350638771563     
   38.000000000000000        2596.7350638728685     
   39.000000000000000        2671.7350638685807     
   40.000000000000000        2746.7350638642920     
   41.000000000000000        2821.7350638600019     
   42.000000000000000        2896.7350638557082     
   43.000000000000000        2971.7350638514049     
   44.000000000000000        3046.7350638470784     
   45.000000000000000        3121.7350638426947     
   46.000000000000000        3196.7350638381745     
   47.000000000000000        3271.7350638333323     
   48.000000000000000        3346.7350638277426     
   49.000000000000000        3421.7350638204430     
   50.000000000000000        3496.7350638092944     
   51.000000000000000        3571.7350637896147     
   52.000000000000000        3646.7350637513209     
   53.000000000000000        3721.7350636730393     
   54.000000000000000        3796.7350635101852     
   55.000000000000000        3871.7350631712347     
   56.000000000000000        3946.7350624712922     
   57.000000000000000        4021.7350610427875     
   58.000000000000000        4096.7350581666497     
   59.000000000000000        4171.7350524586418     
   60.000000000000000        4246.7350412966889     
   61.000000000000000        4321.7350197935330     
   62.000000000000000        4396.7349789860746     
   63.000000000000000        4471.7349027005439     
   64.000000000000000        4546.7347622218558     
   65.000000000000000        4621.7345073920833     
   66.000000000000000        4696.7340520160024     
   67.000000000000000        4771.7332503722810     
   68.000000000000000        4846.7318601126544     
   69.000000000000000        4921.7294847652292     
   70.000000000000000        4996.7254863347098     
   71.000000000000000        5071.7188550340315     
   72.000000000000000        5146.7080189753024     
   73.000000000000000        5221.6905717900872     
   74.000000000000000        5296.6628909017300     
   75.000000000000000        5371.6196140192660     
   76.000000000000000        5446.5529371175508     
   77.000000000000000        5521.4516947609000     
   78.000000000000000        5596.3001844448809     
   79.000000000000000        5671.0767021979873     
   80.000000000000000        5745.7517685665080     
   81.000000000000000        5320.2860436628380     
   82.000000000000000        5394.6279580264436     
   83.000000000000000        5468.7111225731305     
   84.000000000000000        5542.4516245853520     
   85.000000000000000        5615.7453646851454     
   86.000000000000000        5688.4656375487239     
   87.000000000000000        5760.4612007799933     
   88.000000000000000        5831.5551048200114     
   89.000000000000000        5901.5445647211327     
   90.000000000000000        5970.2021355412207     
   91.000000000000000        6037.2784025128249     
   92.000000000000000        6102.5063137243942     
   93.000000000000000        6165.6071696766076     
   94.000000000000000        6210.6071696740346     
   95.000000000000000        6255.6071696714616     
   96.000000000000000        6300.6071696688887     
   97.000000000000000        6345.6071696663157     
   98.000000000000000        6390.6071696637428     
   99.000000000000000        6435.6071696611698     
   100.00000000000000        6480.6071696585968     
   101.00000000000000        6525.6071696560239     
   102.00000000000000        6570.6071696534509     
   103.00000000000000        6615.6071696508779     
   104.00000000000000        6660.6071696483050     
   105.00000000000000        6705.6071696457320     
   106.00000000000000        6750.6071696431591     
   107.00000000000000        6795.6071696405861     
   108.00000000000000        6840.6071696380131     
   109.00000000000000        6885.6071696354402     
   110.00000000000000        6930.6071696328672     
   111.00000000000000        6975.6071696302943     
   112.00000000000000        7020.6071696277213     
   113.00000000000000        7065.6071696251483     
   114.00000000000000        7110.6071696225754     
   115.00000000000000        7155.6071696200024     
   116.00000000000000        7200.6071696174295     
   117.00000000000000        7245.6071696148565     
   118.00000000000000        7290.6071696122835     
   119.00000000000000        7335.6071696097106     
   120.00000000000000        7380.6071696071376     
   121.00000000000000        7425.6071696045647     
   122.00000000000000        7470.6071696019908     
   123.00000000000000        7515.6071695994160     
   124.00000000000000        7560.6071695968385     
   125.00000000000000        7605.6071695942546     
   126.00000000000000        7650.6071695916562     
   127.00000000000000        7695.6071695890259     
   128.00000000000000        7740.6071695863266     
   129.00000000000000        7785.6071695834789     
   130.00000000000000        7830.6071695803175     
   131.00000000000000        7875.6071695764977     
   132.00000000000000        7920.6071695713144     
   133.00000000000000        7965.6071695633436     
   134.00000000000000        8010.6071695497421     
   135.00000000000000        8055.6071695249084     
   136.00000000000000        8100.6071694779394     
   137.00000000000000        8145.6071693878866     
   138.00000000000000        8190.6071692150035     
   139.00000000000000        8235.6071688848260     
   140.00000000000000        8280.6071682596103     
   141.00000000000000        8325.6071670877736     
   142.00000000000000        8370.6071649156147     
   143.00000000000000        8415.6071609352985     
   144.00000000000000        8460.6071537266616     
   145.00000000000000        8505.6071408247681     
   146.00000000000000        8550.6071180056861     
   147.00000000000000        8595.6070781234157     
   148.00000000000000        8640.6070092426398     
   149.00000000000000        8685.6068916836339     
   150.00000000000000        8730.6066934126939     
   151.00000000000000        8775.6063629560485     
   152.00000000000000        8820.6058186662540     
   153.00000000000000        8865.6049327044839     
   154.00000000000000        8910.6035074960291     
   155.00000000000000        8955.6012416488247     
   156.00000000000000        9000.5976813818797     
   157.00000000000000        9045.5921523917586     
   158.00000000000000        9090.5836658115149     
   159.00000000000000        9135.5707905389991     
   160.00000000000000        9180.5514828214327     
   161.00000000000000        8725.5228627203287     
   162.00000000000000        8770.4809261392220     
   163.00000000000000        8815.4201807252321     
   164.00000000000000        8860.3331944505189     
   165.00000000000000        8905.2100473675782     
   166.00000000000000        8950.0376802394821     
   167.00000000000000        8994.7991387566435     
   168.00000000000000        9039.4727190534886     
   169.00000000000000        9084.0310292626764     
   170.00000000000000        9128.4399927040740     
   171.00000000000000        9172.6578305425901     
   172.00000000000000        9216.6340746024653     
   173.00000000000000        9260.3086734311910     
   174.00000000000000        9303.6112653372093     
   175.00000000000000        9346.4606994826063     
   176.00000000000000        9388.7648886607167     
   177.00000000000000        9430.4210737382837     
   178.00000000000000        9471.3165688485169     
   179.00000000000000        9511.3300377911783     
   180.00000000000000        9550.3333259586780     
   181.00000000000000        9588.1938395300058     
   182.00000000000000        9624.7774265848511     
   183.00000000000000        9659.9516758921400     
   184.00000000000000        9684.6233222484716     
   185.00000000000000        9709.1887877143145     
   186.00000000000000        9733.6200344142453     
   187.00000000000000        9757.8837004302040     
   188.00000000000000        9781.9406959335483     
   189.00000000000000        9805.7459371254354     
   190.00000000000000        9829.2482644466090     
   191.00000000000000        9852.3905894897016     
   192.00000000000000        9875.1103089953867     
   193.00000000000000        9897.3400139635323     
   194.00000000000000        9919.0085073899209     
   195.00000000000000        9940.0421260406583     
   196.00000000000000        9960.3663410711270     
   197.00000000000000        9979.9075906862872     
   198.00000000000000        9998.5952772469063     
   199.00000000000000        10016.363843227455     
   200.00000000000000        10033.154827144917     
   201.00000000000000        10048.918793639999     
   202.00000000000000        10063.617032442975     
   203.00000000000000        10077.222929468981     
   204.00000000000000        10089.722929468981     
   205.00000000000000        10101.117032442975     
   206.00000000000000        10111.418793639999     
   207.00000000000000        10120.654827144917     
   208.00000000000000        10128.863843227455     
   209.00000000000000        10136.095277246906     
   210.00000000000000        10142.407590686287     
   211.00000000000000        10147.866341071127     
   212.00000000000000        10132.866341128754     
   213.00000000000000        10117.866341238814     
   214.00000000000000        10102.866341447219     
   215.00000000000000        10087.866341837831     
   216.00000000000000        10072.866342561883     
   217.00000000000000        10057.866343888656     
   218.00000000000000        10042.866346291536     
   219.00000000000000        10027.866350592167     
   220.00000000000000        10012.866358198527     
   221.00000000000000        9997.8663714926170     
   222.00000000000000        9982.8663944528762     
   223.00000000000000        9967.8664336392121     
   224.00000000000000        9952.8664997295255     
   225.00000000000000        9937.8666098817412     
   226.00000000000000        9922.8667913116733     
   227.00000000000000        9907.8670866322627     
   228.00000000000000        9892.8675617017470     
   229.00000000000000        9877.8683169841479     
   230.00000000000000        9862.8695037397956     
   231.00000000000000        9847.8713467365033     
   232.00000000000000        9832.8741755965839     
   233.00000000000000        9817.8784673540886     
   234.00000000000000        9802.8849032599446     
   235.00000000000000        9787.8944432936460     
   236.00000000000000        9772.9084221540143     
   237.00000000000000        9757.9286706253442     
   238.00000000000000        9742.9576660502480     
   239.00000000000000        9727.9987150778943     
   240.00000000000000        9713.0561707872603     
   241.00000000000000        9198.1356846148738     
   242.00000000000000        9183.2444911825914     
   243.00000000000000        9168.3917211128628     
   244.00000000000000        9153.5887332990642     
   245.00000000000000        9138.8494540195588     
   246.00000000000000        9124.1907059996011     
   247.00000000000000        9109.6325063900258     
   248.00000000000000        9095.1983090880203     
   249.00000000000000        9080.9151643728874     
   250.00000000000000        9066.8137679801839     
   251.00000000000000        9052.9283729543276     
   252.00000000000000        9039.2965412509166     
   253.00000000000000        9025.9587182700288     
   254.00000000000000        9012.9576222141950     
   255.00000000000000        9000.3374510237518     
   256.00000000000000        8988.1429220054706     
   257.00000000000000        8976.4181722363737     
   258.00000000000000        8965.2055603000026     
   259.00000000000000        8954.5444207116743     
   260.00000000000000        8944.4698303611967     
   261.00000000000000        8935.0114504641479     
   262.00000000000000        8926.1925071823625     
   263.00000000000000        8918.0289689667588     
   264.00000000000000        8910.5289689667588     
   265.00000000000000        8903.6925071823625     
   266.00000000000000        8897.5114504641479     
   267.00000000000000        8891.9698303611967     
   268.00000000000000        8887.0444207116743     
   269.00000000000000        8882.7055603000026     
   270.00000000000000        8878.9181722363737     
   271.00000000000000        8875.6429220054706     
   272.00000000000000        8872.8374510237518     
   273.00000000000000        8870.4576222141950     
   274.00000000000000        8868.4587182700288     
   275.00000000000000        8866.7965412509166     
   276.00000000000000        8865.4283729543276     
   277.00000000000000        8864.3137679801839     
   278.00000000000000        8863.4151643728874     
   279.00000000000000        8862.6983090880203     
   280.00000000000000        8862.1325063900258     
   281.00000000000000        8861.6907059996011     
   282.00000000000000        8861.3494540195588     
   283.00000000000000        8861.0887332990642     
   284.00000000000000        8860.8917211128628     
   285.00000000000000        8860.7444911825914     
   286.00000000000000        8860.6356846148738     
   287.00000000000000        8860.5561707872621     
   288.00000000000000        8860.4987150778961     
   289.00000000000000        8860.4576660502498     
   290.00000000000000        8860.4286706253461     
   291.00000000000000        8860.4084221540161     
   292.00000000000000        8860.3944432936478     
   293.00000000000000        8860.3849032599464     
   294.00000000000000        8860.3784673540904     
   295.00000000000000        8860.3741755965857     
   296.00000000000000        8860.3713467365051     
   297.00000000000000        8860.3695037397974     
   298.00000000000000        8860.3683169841497     
   299.00000000000000        8860.3675617017489     
   300.00000000000000        8860.3670866322645     
   301.00000000000000        8860.3667913116751     
   302.00000000000000        8860.3666098817430     
   303.00000000000000        8860.3664997295273     
   304.00000000000000        8860.3664336392139     
   305.00000000000000        8860.3663944528780     
   306.00000000000000        8860.3663714926188     
   307.00000000000000        8860.3663581985293     
   308.00000000000000        8860.3663505921686     
   309.00000000000000        8860.3663462915374     
   310.00000000000000        8860.3663438886579     
   311.00000000000000        8860.3663425618852     
   312.00000000000000        8860.3663418378328     
   313.00000000000000        8860.3663414472212     
   314.00000000000000        8860.3663412388159     
   315.00000000000000        8860.3663411287562     
   316.00000000000000        8860.3663410711288     
   317.00000000000000        8860.3663410411118     
   318.00000000000000        8860.3663410254558     
   319.00000000000000        8860.3663410171775     
   320.00000000000000        8860.3663410126446     
