   1.0000000000000000       -4821.5000000000000     
   2.0000000000000000       -4643.0000000000000     
   3.0000000000000000       -4464.5000000000000     
   4.0000000000000000       -4286.0000000000000     
   5.0000000000000000       -4107.5000000000000     
   6.0000000000000000       -3929.0000000000000     
   7.0000000000000000       -3750.5000000000000     
   8.0000000000000000       -3572.0000000000000     
   9.0000000000000000       -3443.5000000000000     
   10.000000000000000       -3315.0000000000000     
   11.000000000000000       -3186.5000000000000     
   12.000000000000000       -3058.0000000000000     
   13.000000000000000       -2929.5000000000000     
   14.000000000000000       -2801.0000000000000     
   15.000000000000000       -2672.5000000000000     
   16.000000000000000       -2544.0000000000000     
   17.000000000000000       -2415.5000000000000     
   18.000000000000000       -2287.0000000000000     
   19.000000000000000       -2158.5000000000000     
   20.000000000000000       -2030.0000000000000     
   21.000000000000000       -1901.5000000000000     
   22.000000000000000       -1773.0000000000000     
   23.000000000000000       -1644.5000000000000     
   24.000000000000000       -1516.0000000000000     
   25.000000000000000       -1387.5000000000000     
   26.000000000000000       -1259.0000000000000     
   27.000000000000000       -1130.5000000000000     
   28.000000000000000       -1002.0000000000000     
   29.000000000000000       -873.50000000000000     
   30.000000000000000       -745.00000000000000     
   31.000000000000000       -616.50000000000000     
   32.000000000000000       -488.00000000000000     
   33.000000000000000       -359.50000000000000     
   34.000000000000000       -231.00000000000000     
   35.000000000000000       -102.50000000000000     
   36.000000000000000        26.000000000000000     
   37.000000000000000        154.50000000000000     
   38.000000000000000        283.00000000000000     
   39.000000000000000        411.50000000000000     
   40.000000000000000        540.00000000000000     
   41.000000000000000        668.50000000000000     
   42.000000000000000        797.00000000000000     
   43.000000000000000        925.50000000000000     
   44.000000000000000        1054.0000000000000     
   45.000000000000000        1182.5000000000000     
   46.000000000000000        1311.0000000000000     
   47.000000000000000        1439.5000000000000     
   48.000000000000000        1568.0000000000000     
   49.000000000000000        1696.5000000000000     
   50.000000000000000        1825.0000000000000     
   51.000000000000000        1953.5000000000000     
   52.000000000000000        2082.0000000000000     
   53.000000000000000        2210.5000000000000     
   54.000000000000000        2339.0000000000000     
   55.000000000000000        2467.5000000000000     
   56.000000000000000        2596.0000000000000     
   57.000000000000000        2724.5000000000000     
   58.000000000000000        2853.0000000000000     
   59.000000000000000        2981.5000000000000     
   60.000000000000000        3110.0000000000000     
   61.000000000000000        3238.5000000000000     
   62.000000000000000        3367.0000000000000     
   63.000000000000000        3495.5000000000000     
   64.000000000000000        3624.0000000000000     
   65.000000000000000        3752.5000000000000     
   66.000000000000000        3881.0000000000000     
   67.000000000000000        4009.5000000000000     
   68.000000000000000        4138.0000000000000     
   69.000000000000000        4266.5000000000000     
   70.000000000000000        4395.0000000000000     
   71.000000000000000        4523.5000000000000     
   72.000000000000000        4652.0000000000000     
   73.000000000000000        4780.5000000000000     
   74.000000000000000        4909.0000000000000     
   75.000000000000000        5037.5000000000000     
   76.000000000000000        5166.0000000000000     
   77.000000000000000        5294.5000000000000     
   78.000000000000000        5423.0000000000000     
   79.000000000000000        5551.5000000000000     
   80.000000000000000        5680.0000000000000     
   81.000000000000000        808.50000000000000     
   82.000000000000000        937.00000000000000     
   83.000000000000000        1065.5000000000000     
   84.000000000000000        1194.0000000000000     
   85.000000000000000        1322.5000000000000     
   86.000000000000000        1451.0000000000000     
   87.000000000000000        1579.5000000000000     
   88.000000000000000        1708.0000000000000     
   89.000000000000000        1836.5000000000000     
   90.000000000000000        1965.0000000000000     
   91.000000000000000        2093.5000000000000     
   92.000000000000000        2222.0000000000000     
   93.000000000000000        2350.5000000000000     
   94.000000000000000        2449.0000000000000     
   95.000000000000000        2547.5000000000000     
   96.000000000000000        2646.0000000000000     
   97.000000000000000        2744.5000000000000     
   98.000000000000000        2843.0000000000000     
   99.000000000000000        2941.5000000000000     
   100.00000000000000        3040.0000000000000     
   101.00000000000000        3138.5000000000000     
   102.00000000000000        3237.0000000000000     
   103.00000000000000        3335.5000000000000     
   104.00000000000000        3434.0000000000000     
   105.00000000000000        3532.5000000000000     
   106.00000000000000        3631.0000000000000     
   107.00000000000000        3729.5000000000000     
   108.00000000000000        3828.0000000000000     
   109.00000000000000        3926.5000000000000     
   110.00000000000000        4025.0000000000000     
   111.00000000000000        4123.5000000000000     
   112.00000000000000        4222.0000000000000     
   113.00000000000000        4320.5000000000000     
   114.00000000000000        4419.0000000000000     
   115.00000000000000        4517.5000000000000     
   116.00000000000000        4616.0000000000000     
   117.00000000000000        4714.5000000000000     
   118.00000000000000        4813.0000000000000     
   119.00000000000000        4911.5000000000000     
   120.00000000000000        5010.0000000000000     
   121.00000000000000        5108.5000000000000     
   122.00000000000000        5207.0000000000000     
   123.00000000000000        5305.5000000000000     
   124.00000000000000        5404.0000000000000     
   125.00000000000000        5502.5000000000000     
   126.00000000000000        5601.0000000000000     
   127.00000000000000        5699.5000000000000     
   128.00000000000000        5798.0000000000000     
   129.00000000000000        5896.5000000000000     
   130.00000000000000        5995.0000000000000     
   131.00000000000000        6093.5000000000000     
   132.00000000000000        6192.0000000000000     
   133.00000000000000        6290.5000000000000     
   134.00000000000000        6389.0000000000000     
   135.00000000000000        6487.5000000000000     
   136.00000000000000        6586.0000000000000     
   137.00000000000000        6684.5000000000000     
   138.00000000000000        6783.0000000000000     
   139.00000000000000        6881.5000000000000     
   140.00000000000000        6980.0000000000000     
   141.00000000000000        7078.5000000000000     
   142.00000000000000        7177.0000000000000     
   143.00000000000000        7275.5000000000000     
   144.00000000000000        7374.0000000000000     
   145.00000000000000        7472.5000000000000     
   146.00000000000000        7571.0000000000000     
   147.00000000000000        7669.5000000000000     
   148.00000000000000        7768.0000000000000     
   149.00000000000000        7866.5000000000000     
   150.00000000000000        7965.0000000000000     
   151.00000000000000        8063.5000000000000     
   152.00000000000000        8162.0000000000000     
   153.00000000000000        8260.5000000000000     
   154.00000000000000        8359.0000000000000     
   155.00000000000000        8457.5000000000000     
   156.00000000000000        8556.0000000000000     
   157.00000000000000        8654.5000000000000     
   158.00000000000000        8753.0000000000000     
   159.00000000000000        8851.5000000000000     
   160.00000000000000        8950.0000000000000     
   161.00000000000000        4048.5000000000000     
   162.00000000000000        4147.0000000000000     
   163.00000000000000        4245.5000000000000     
   164.00000000000000        4344.0000000000000     
   165.00000000000000        4442.5000000000000     
   166.00000000000000        4541.0000000000000     
   167.00000000000000        4639.5000000000000     
   168.00000000000000        4738.0000000000000     
   169.00000000000000        4836.5000000000000     
   170.00000000000000        4935.0000000000000     
   171.00000000000000        5033.5000000000000     
   172.00000000000000        5132.0000000000000     
   173.00000000000000        5230.5000000000000     
   174.00000000000000        5329.0000000000000     
   175.00000000000000        5427.5000000000000     
   176.00000000000000        5526.0000000000000     
   177.00000000000000        5624.5000000000000     
   178.00000000000000        5723.0000000000000     
   179.00000000000000        5821.5000000000000     
   180.00000000000000        5920.0000000000000     
   181.00000000000000        6018.5000000000000     
   182.00000000000000        6117.0000000000000     
   183.00000000000000        6215.5000000000000     
   184.00000000000000        6294.0000000000000     
   185.00000000000000        6372.5000000000000     
   186.00000000000000        6451.0000000000000     
   187.00000000000000        6529.5000000000000     
   188.00000000000000        6608.0000000000000     
   189.00000000000000        6686.5000000000000     
   190.00000000000000        6765.0000000000000     
   191.00000000000000        6843.5000000000000     
   192.00000000000000        6922.0000000000000     
   193.00000000000000        7000.5000000000000     
   194.00000000000000        7079.0000000000000     
   195.00000000000000        7157.5000000000000     
   196.00000000000000        7236.0000000000000     
   197.00000000000000        7314.5000000000000     
   198.00000000000000        7393.0000000000000     
   199.00000000000000        7471.5000000000000     
   200.00000000000000        7550.0000000000000     
   201.00000000000000        7628.5000000000000     
   202.00000000000000        7707.0000000000000     
   203.00000000000000        7785.5000000000000     
   204.00000000000000        7864.0000000000000     
   205.00000000000000        7942.5000000000000     
   206.00000000000000        8021.0000000000000     
   207.00000000000000        8099.5000000000000     
   208.00000000000000        8178.0000000000000     
   209.00000000000000        8256.5000000000000     
   210.00000000000000        8335.0000000000000     
   211.00000000000000        8413.5000000000000     
   212.00000000000000        8452.0000000000000     
   213.00000000000000        8490.5000000000000     
   214.00000000000000        8529.0000000000000     
   215.00000000000000        8567.5000000000000     
   216.00000000000000        8606.0000000000000     
   217.00000000000000        8644.5000000000000     
   218.00000000000000        8683.0000000000000     
   219.00000000000000        8721.5000000000000     
   220.00000000000000        8760.0000000000000     
   221.00000000000000        8798.5000000000000     
   222.00000000000000        8837.0000000000000     
   223.00000000000000        8875.5000000000000     
   224.00000000000000        8914.0000000000000     
   225.00000000000000        8952.5000000000000     
   226.00000000000000        8991.0000000000000     
   227.00000000000000        9029.5000000000000     
   228.00000000000000        9068.0000000000000     
   229.00000000000000        9106.5000000000000     
   230.00000000000000        9145.0000000000000     
   231.00000000000000        9183.5000000000000     
   232.00000000000000        9222.0000000000000     
   233.00000000000000        9260.5000000000000     
   234.00000000000000        9299.0000000000000     
   235.00000000000000        9337.5000000000000     
   236.00000000000000        9376.0000000000000     
   237.00000000000000        9414.5000000000000     
   238.00000000000000        9453.0000000000000     
   239.00000000000000        9491.5000000000000     
   240.00000000000000        9530.0000000000000     
   241.00000000000000        4568.5000000000000     
   242.00000000000000        4607.0000000000000     
   243.00000000000000        4645.5000000000000     
   244.00000000000000        4684.0000000000000     
   245.00000000000000        4722.5000000000000     
   246.00000000000000        4761.0000000000000     
   247.00000000000000        4799.5000000000000     
   248.00000000000000        4838.0000000000000     
   249.00000000000000        4876.5000000000000     
   250.00000000000000        4915.0000000000000     
   251.00000000000000        4953.5000000000000     
   252.00000000000000        4992.0000000000000     
   253.00000000000000        5030.5000000000000     
   254.00000000000000        5069.0000000000000     
   255.00000000000000        5107.5000000000000     
   256.00000000000000        5146.0000000000000     
   257.00000000000000        5184.5000000000000     
   258.00000000000000        5223.0000000000000     
   259.00000000000000        5261.5000000000000     
   260.00000000000000        5300.0000000000000     
   261.00000000000000        5338.5000000000000     
   262.00000000000000        5377.0000000000000     
   263.00000000000000        5415.5000000000000     
   264.00000000000000        5454.0000000000000     
   265.00000000000000        5492.5000000000000     
   266.00000000000000        5531.0000000000000     
   267.00000000000000        5569.5000000000000     
   268.00000000000000        5608.0000000000000     
   269.00000000000000        5646.5000000000000     
   270.00000000000000        5685.0000000000000     
   271.00000000000000        5723.5000000000000     
   272.00000000000000        5762.0000000000000     
   273.00000000000000        5800.5000000000000     
   274.00000000000000        5839.0000000000000     
   275.00000000000000        5877.5000000000000     
   276.00000000000000        5916.0000000000000     
   277.00000000000000        5954.5000000000000     
   278.00000000000000        5993.0000000000000     
   279.00000000000000        6031.5000000000000     
   280.00000000000000        6070.0000000000000     
   281.00000000000000        6108.5000000000000     
   282.00000000000000        6147.0000000000000     
   283.00000000000000        6185.5000000000000     
   284.00000000000000        6224.0000000000000     
   285.00000000000000        6262.5000000000000     
   286.00000000000000        6301.0000000000000     
   287.00000000000000        6339.5000000000000     
   288.00000000000000        6378.0000000000000     
   289.00000000000000        6416.5000000000000     
   290.00000000000000        6455.0000000000000     
   291.00000000000000        6493.5000000000000     
   292.00000000000000        6532.0000000000000     
   293.00000000000000        6570.5000000000000     
   294.00000000000000        6609.0000000000000     
   295.00000000000000        6647.5000000000000     
   296.00000000000000        6686.0000000000000     
   297.00000000000000        6724.5000000000000     
   298.00000000000000        6763.0000000000000     
   299.00000000000000        6801.5000000000000     
   300.00000000000000        6840.0000000000000     
   301.00000000000000        6878.5000000000000     
   302.00000000000000        6917.0000000000000     
   303.00000000000000        6955.5000000000000     
   304.00000000000000        6994.0000000000000     
   305.00000000000000        7032.5000000000000     
   306.00000000000000        7071.0000000000000     
   307.00000000000000        7109.5000000000000     
   308.00000000000000        7148.0000000000000     
   309.00000000000000        7186.5000000000000     
   310.00000000000000        7225.0000000000000     
   311.00000000000000        7263.5000000000000     
   312.00000000000000        7302.0000000000000     
   313.00000000000000        7340.5000000000000     
   314.00000000000000        7379.0000000000000     
   315.00000000000000        7417.5000000000000     
   316.00000000000000        7456.0000000000000     
   317.00000000000000        7494.5000000000000     
   318.00000000000000        7533.0000000000000     
   319.00000000000000        7571.5000000000000     
   320.00000000000000        7610.0000000000000     
