   1.0000000000000000        180.00000000000000     
   2.0000000000000000        360.00000000000000     
   3.0000000000000000        540.00000000000000     
   4.0000000000000000        720.00000000000000     
   5.0000000000000000        900.00000000000000     
   6.0000000000000000        1080.0000000000000     
   7.0000000000000000        1260.0000000000000     
   8.0000000000000000        1440.0000000000000     
   9.0000000000000000        1570.0000000000000     
   10.000000000000000        1700.0000000000000     
   11.000000000000000        1830.0000000000000     
   12.000000000000000        1960.0000000000000     
   13.000000000000000        2090.0000000000000     
   14.000000000000000        2220.0000000000000     
   15.000000000000000        2350.0000000000000     
   16.000000000000000        2480.0000000000000     
   17.000000000000000        2610.0000000000000     
   18.000000000000000        2740.0000000000000     
   19.000000000000000        2870.0000000000000     
   20.000000000000000        3000.0000000000000     
   21.000000000000000        3130.0000000000000     
   22.000000000000000        3260.0000000000000     
   23.000000000000000        3390.0000000000000     
   24.000000000000000        3520.0000000000000     
   25.000000000000000        3650.0000000000000     
   26.000000000000000        3780.0000000000000     
   27.000000000000000        3910.0000000000000     
   28.000000000000000        4040.0000000000000     
   29.000000000000000        4170.0000000000000     
   30.000000000000000        4300.0000000000000     
   31.000000000000000        4430.0000000000000     
   32.000000000000000        4560.0000000000000     
   33.000000000000000        4690.0000000000000     
   34.000000000000000        4820.0000000000000     
   35.000000000000000        4950.0000000000000     
   36.000000000000000        5080.0000000000000     
   37.000000000000000        5210.0000000000000     
   38.000000000000000        5340.0000000000000     
   39.000000000000000        5470.0000000000000     
   40.000000000000000        5600.0000000000000     
   41.000000000000000        5730.0000000000000     
   42.000000000000000        5860.0000000000000     
   43.000000000000000        5990.0000000000000     
   44.000000000000000        6120.0000000000000     
   45.000000000000000        6250.0000000000000     
   46.000000000000000        6380.0000000000000     
   47.000000000000000        6510.0000000000000     
   48.000000000000000        6640.0000000000000     
   49.000000000000000        6770.0000000000000     
   50.000000000000000        6900.0000000000000     
   51.000000000000000        7030.0000000000000     
   52.000000000000000        7160.0000000000000     
   53.000000000000000        7290.0000000000000     
   54.000000000000000        7420.0000000000000     
   55.000000000000000        7550.0000000000000     
   56.000000000000000        7680.0000000000000     
   57.000000000000000        7810.0000000000000     
   58.000000000000000        7940.0000000000000     
   59.000000000000000        8070.0000000000000     
   60.000000000000000        8200.0000000000000     
   61.000000000000000        8330.0000000000000     
   62.000000000000000        8460.0000000000000     
   63.000000000000000        8590.0000000000000     
   64.000000000000000        8720.0000000000000     
   65.000000000000000        8850.0000000000000     
   66.000000000000000        8980.0000000000000     
   67.000000000000000        9110.0000000000000     
   68.000000000000000        9240.0000000000000     
   69.000000000000000        9370.0000000000000     
   70.000000000000000        9500.0000000000000     
   71.000000000000000        9630.0000000000000     
   72.000000000000000        9760.0000000000000     
   73.000000000000000        9890.0000000000000     
   74.000000000000000        10020.000000000000     
   75.000000000000000        10150.000000000000     
   76.000000000000000        10280.000000000000     
   77.000000000000000        10410.000000000000     
   78.000000000000000        10540.000000000000     
   79.000000000000000        10670.000000000000     
   80.000000000000000        10800.000000000000     
   81.000000000000000        10930.000000000000     
   82.000000000000000        11060.000000000000     
   83.000000000000000        11190.000000000000     
   84.000000000000000        11320.000000000000     
   85.000000000000000        11450.000000000000     
   86.000000000000000        11580.000000000000     
   87.000000000000000        11710.000000000000     
   88.000000000000000        11840.000000000000     
   89.000000000000000        11970.000000000000     
   90.000000000000000        12100.000000000000     
   91.000000000000000        12230.000000000000     
   92.000000000000000        12360.000000000000     
   93.000000000000000        12490.000000000000     
   94.000000000000000        12590.000000000000     
   95.000000000000000        12690.000000000000     
   96.000000000000000        12790.000000000000     
   97.000000000000000        12890.000000000000     
   98.000000000000000        12990.000000000000     
   99.000000000000000        13090.000000000000     
   100.00000000000000        13190.000000000000     
   101.00000000000000        13290.000000000000     
   102.00000000000000        13390.000000000000     
   103.00000000000000        13490.000000000000     
   104.00000000000000        13590.000000000000     
   105.00000000000000        13690.000000000000     
   106.00000000000000        13790.000000000000     
   107.00000000000000        13890.000000000000     
   108.00000000000000        13990.000000000000     
   109.00000000000000        14090.000000000000     
   110.00000000000000        14190.000000000000     
   111.00000000000000        14290.000000000000     
   112.00000000000000        14390.000000000000     
   113.00000000000000        14490.000000000000     
   114.00000000000000        14590.000000000000     
   115.00000000000000        14690.000000000000     
   116.00000000000000        14790.000000000000     
   117.00000000000000        14890.000000000000     
   118.00000000000000        14990.000000000000     
   119.00000000000000        15090.000000000000     
   120.00000000000000        15190.000000000000     
   121.00000000000000        15290.000000000000     
   122.00000000000000        15390.000000000000     
   123.00000000000000        15490.000000000000     
   124.00000000000000        15590.000000000000     
   125.00000000000000        15690.000000000000     
   126.00000000000000        15790.000000000000     
   127.00000000000000        15890.000000000000     
   128.00000000000000        15990.000000000000     
   129.00000000000000        16090.000000000000     
   130.00000000000000        16190.000000000000     
   131.00000000000000        16290.000000000000     
   132.00000000000000        16390.000000000000     
   133.00000000000000        16490.000000000000     
   134.00000000000000        16590.000000000000     
   135.00000000000000        16690.000000000000     
   136.00000000000000        16790.000000000000     
   137.00000000000000        16890.000000000000     
   138.00000000000000        16990.000000000000     
   139.00000000000000        17090.000000000000     
   140.00000000000000        17190.000000000000     
   141.00000000000000        17290.000000000000     
   142.00000000000000        17390.000000000000     
   143.00000000000000        17490.000000000000     
   144.00000000000000        17590.000000000000     
   145.00000000000000        17690.000000000000     
   146.00000000000000        17790.000000000000     
   147.00000000000000        17890.000000000000     
   148.00000000000000        17990.000000000000     
   149.00000000000000        18090.000000000000     
   150.00000000000000        18190.000000000000     
   151.00000000000000        18290.000000000000     
   152.00000000000000        18390.000000000000     
   153.00000000000000        18490.000000000000     
   154.00000000000000        18590.000000000000     
   155.00000000000000        18690.000000000000     
   156.00000000000000        18790.000000000000     
   157.00000000000000        18890.000000000000     
   158.00000000000000        18990.000000000000     
   159.00000000000000        19090.000000000000     
   160.00000000000000        19190.000000000000     
   161.00000000000000        19290.000000000000     
   162.00000000000000        19390.000000000000     
   163.00000000000000        19490.000000000000     
   164.00000000000000        19590.000000000000     
   165.00000000000000        19690.000000000000     
   166.00000000000000        19790.000000000000     
   167.00000000000000        19890.000000000000     
   168.00000000000000        19990.000000000000     
   169.00000000000000        20090.000000000000     
   170.00000000000000        20190.000000000000     
   171.00000000000000        20290.000000000000     
   172.00000000000000        20390.000000000000     
   173.00000000000000        20490.000000000000     
   174.00000000000000        20590.000000000000     
   175.00000000000000        20690.000000000000     
   176.00000000000000        20790.000000000000     
   177.00000000000000        20890.000000000000     
   178.00000000000000        20990.000000000000     
   179.00000000000000        21090.000000000000     
   180.00000000000000        21190.000000000000     
   181.00000000000000        21290.000000000000     
   182.00000000000000        21390.000000000000     
   183.00000000000000        21490.000000000000     
   184.00000000000000        21570.000000000000     
   185.00000000000000        21650.000000000000     
   186.00000000000000        21730.000000000000     
   187.00000000000000        21810.000000000000     
   188.00000000000000        21890.000000000000     
   189.00000000000000        21970.000000000000     
   190.00000000000000        22050.000000000000     
   191.00000000000000        22130.000000000000     
   192.00000000000000        22210.000000000000     
   193.00000000000000        22290.000000000000     
   194.00000000000000        22370.000000000000     
   195.00000000000000        22450.000000000000     
   196.00000000000000        22530.000000000000     
   197.00000000000000        22610.000000000000     
   198.00000000000000        22690.000000000000     
   199.00000000000000        22770.000000000000     
   200.00000000000000        22850.000000000000     
   201.00000000000000        22930.000000000000     
   202.00000000000000        23010.000000000000     
   203.00000000000000        23090.000000000000     
   204.00000000000000        23170.000000000000     
   205.00000000000000        23250.000000000000     
   206.00000000000000        23330.000000000000     
   207.00000000000000        23410.000000000000     
   208.00000000000000        23490.000000000000     
   209.00000000000000        23570.000000000000     
   210.00000000000000        23650.000000000000     
   211.00000000000000        23730.000000000000     
   212.00000000000000        23770.000000000000     
   213.00000000000000        23810.000000000000     
   214.00000000000000        23850.000000000000     
   215.00000000000000        23890.000000000000     
   216.00000000000000        23930.000000000000     
   217.00000000000000        23970.000000000000     
   218.00000000000000        24010.000000000000     
   219.00000000000000        24050.000000000000     
   220.00000000000000        24090.000000000000     
   221.00000000000000        24130.000000000000     
   222.00000000000000        24170.000000000000     
   223.00000000000000        24210.000000000000     
   224.00000000000000        24250.000000000000     
   225.00000000000000        24290.000000000000     
   226.00000000000000        24330.000000000000     
   227.00000000000000        24370.000000000000     
   228.00000000000000        24410.000000000000     
   229.00000000000000        24450.000000000000     
   230.00000000000000        24490.000000000000     
   231.00000000000000        24530.000000000000     
   232.00000000000000        24570.000000000000     
   233.00000000000000        24610.000000000000     
   234.00000000000000        24650.000000000000     
   235.00000000000000        24690.000000000000     
   236.00000000000000        24730.000000000000     
   237.00000000000000        24770.000000000000     
   238.00000000000000        24810.000000000000     
   239.00000000000000        24850.000000000000     
   240.00000000000000        24890.000000000000     
   241.00000000000000        24930.000000000000     
   242.00000000000000        24970.000000000000     
   243.00000000000000        25010.000000000000     
   244.00000000000000        25050.000000000000     
   245.00000000000000        25090.000000000000     
   246.00000000000000        25130.000000000000     
   247.00000000000000        25170.000000000000     
   248.00000000000000        25210.000000000000     
   249.00000000000000        25250.000000000000     
   250.00000000000000        25290.000000000000     
   251.00000000000000        25330.000000000000     
   252.00000000000000        25370.000000000000     
   253.00000000000000        25410.000000000000     
   254.00000000000000        25450.000000000000     
   255.00000000000000        25490.000000000000     
   256.00000000000000        25530.000000000000     
   257.00000000000000        25570.000000000000     
   258.00000000000000        25610.000000000000     
   259.00000000000000        25650.000000000000     
   260.00000000000000        25690.000000000000     
   261.00000000000000        25730.000000000000     
   262.00000000000000        25770.000000000000     
   263.00000000000000        25810.000000000000     
   264.00000000000000        25850.000000000000     
   265.00000000000000        25890.000000000000     
   266.00000000000000        25930.000000000000     
   267.00000000000000        25970.000000000000     
   268.00000000000000        26010.000000000000     
   269.00000000000000        26050.000000000000     
   270.00000000000000        26090.000000000000     
   271.00000000000000        26130.000000000000     
   272.00000000000000        26170.000000000000     
   273.00000000000000        26210.000000000000     
   274.00000000000000        26250.000000000000     
   275.00000000000000        26290.000000000000     
   276.00000000000000        26330.000000000000     
   277.00000000000000        26370.000000000000     
   278.00000000000000        26410.000000000000     
   279.00000000000000        26450.000000000000     
   280.00000000000000        26490.000000000000     
   281.00000000000000        26530.000000000000     
   282.00000000000000        26570.000000000000     
   283.00000000000000        26610.000000000000     
   284.00000000000000        26650.000000000000     
   285.00000000000000        26690.000000000000     
   286.00000000000000        26730.000000000000     
   287.00000000000000        26770.000000000000     
   288.00000000000000        26810.000000000000     
   289.00000000000000        26850.000000000000     
   290.00000000000000        26890.000000000000     
   291.00000000000000        26930.000000000000     
   292.00000000000000        26970.000000000000     
   293.00000000000000        27010.000000000000     
   294.00000000000000        27050.000000000000     
   295.00000000000000        27090.000000000000     
   296.00000000000000        27130.000000000000     
   297.00000000000000        27170.000000000000     
   298.00000000000000        27210.000000000000     
   299.00000000000000        27250.000000000000     
   300.00000000000000        27290.000000000000     
   301.00000000000000        27330.000000000000     
   302.00000000000000        27370.000000000000     
   303.00000000000000        27410.000000000000     
   304.00000000000000        27450.000000000000     
   305.00000000000000        27490.000000000000     
   306.00000000000000        27530.000000000000     
   307.00000000000000        27570.000000000000     
   308.00000000000000        27610.000000000000     
   309.00000000000000        27650.000000000000     
   310.00000000000000        27690.000000000000     
   311.00000000000000        27730.000000000000     
   312.00000000000000        27770.000000000000     
   313.00000000000000        27810.000000000000     
   314.00000000000000        27850.000000000000     
   315.00000000000000        27890.000000000000     
   316.00000000000000        27930.000000000000     
   317.00000000000000        27970.000000000000     
   318.00000000000000        28010.000000000000     
   319.00000000000000        28050.000000000000     
   320.00000000000000        28090.000000000000     
