   1.0000000000000000       -375.00000000000000     
   2.0000000000000000       -250.00000000000000     
   3.0000000000000000       -125.00000000000000     
   4.0000000000000000        0.0000000000000000     
   5.0000000000000000        125.00000000000000     
   6.0000000000000000        250.00000000000000     
   7.0000000000000000        375.00000000000000     
   8.0000000000000000        500.00000000000000     
   9.0000000000000000        575.00000000000000     
   10.000000000000000        650.00000000000000     
   11.000000000000000        725.00000000000000     
   12.000000000000000        800.00000000000000     
   13.000000000000000        875.00000000000000     
   14.000000000000000        950.00000000000000     
   15.000000000000000        1025.0000000000000     
   16.000000000000000        1100.0000000000000     
   17.000000000000000        1175.0000000000000     
   18.000000000000000        1250.0000000000000     
   19.000000000000000        1325.0000000000000     
   20.000000000000000        1400.0000000000000     
   21.000000000000000        1475.0000000000000     
   22.000000000000000        1550.0000000000000     
   23.000000000000000        1625.0000000000000     
   24.000000000000000        1700.0000000000000     
   25.000000000000000        1775.0000000000000     
   26.000000000000000        1850.0000000000000     
   27.000000000000000        1925.0000000000000     
   28.000000000000000        2000.0000000000000     
   29.000000000000000        2075.0000000000000     
   30.000000000000000        2150.0000000000000     
   31.000000000000000        2225.0000000000000     
   32.000000000000000        2300.0000000000000     
   33.000000000000000        2375.0000000000000     
   34.000000000000000        2450.0000000000000     
   35.000000000000000        2525.0000000000000     
   36.000000000000000        2600.0000000000000     
   37.000000000000000        2675.0000000000000     
   38.000000000000000        2750.0000000000000     
   39.000000000000000        2825.0000000000000     
   40.000000000000000        2900.0000000000000     
   41.000000000000000        2975.0000000000000     
   42.000000000000000        3050.0000000000000     
   43.000000000000000        3125.0000000000000     
   44.000000000000000        3200.0000000000000     
   45.000000000000000        3275.0000000000000     
   46.000000000000000        3350.0000000000000     
   47.000000000000000        3425.0000000000000     
   48.000000000000000        3500.0000000000000     
   49.000000000000000        3575.0000000000000     
   50.000000000000000        3650.0000000000000     
   51.000000000000000        3725.0000000000000     
   52.000000000000000        3800.0000000000000     
   53.000000000000000        3875.0000000000000     
   54.000000000000000        3950.0000000000000     
   55.000000000000000        4025.0000000000000     
   56.000000000000000        4100.0000000000000     
   57.000000000000000        4175.0000000000000     
   58.000000000000000        4250.0000000000000     
   59.000000000000000        4325.0000000000000     
   60.000000000000000        4400.0000000000000     
   61.000000000000000        4475.0000000000000     
   62.000000000000000        4550.0000000000000     
   63.000000000000000        4625.0000000000000     
   64.000000000000000        4700.0000000000000     
   65.000000000000000        4775.0000000000000     
   66.000000000000000        4850.0000000000000     
   67.000000000000000        4925.0000000000000     
   68.000000000000000        5000.0000000000000     
   69.000000000000000        5075.0000000000000     
   70.000000000000000        5150.0000000000000     
   71.000000000000000        5225.0000000000000     
   72.000000000000000        5300.0000000000000     
   73.000000000000000        5375.0000000000000     
   74.000000000000000        5450.0000000000000     
   75.000000000000000        5525.0000000000000     
   76.000000000000000        5600.0000000000000     
   77.000000000000000        5675.0000000000000     
   78.000000000000000        5750.0000000000000     
   79.000000000000000        5825.0000000000000     
   80.000000000000000        5900.0000000000000     
   81.000000000000000        5475.0000000000000     
   82.000000000000000        5550.0000000000000     
   83.000000000000000        5625.0000000000000     
   84.000000000000000        5700.0000000000000     
   85.000000000000000        5775.0000000000000     
   86.000000000000000        5850.0000000000000     
   87.000000000000000        5925.0000000000000     
   88.000000000000000        6000.0000000000000     
   89.000000000000000        6075.0000000000000     
   90.000000000000000        6150.0000000000000     
   91.000000000000000        6225.0000000000000     
   92.000000000000000        6300.0000000000000     
   93.000000000000000        6375.0000000000000     
   94.000000000000000        6420.0000000000000     
   95.000000000000000        6465.0000000000000     
   96.000000000000000        6510.0000000000000     
   97.000000000000000        6555.0000000000000     
   98.000000000000000        6600.0000000000000     
   99.000000000000000        6645.0000000000000     
   100.00000000000000        6690.0000000000000     
   101.00000000000000        6735.0000000000000     
   102.00000000000000        6780.0000000000000     
   103.00000000000000        6825.0000000000000     
   104.00000000000000        6870.0000000000000     
   105.00000000000000        6915.0000000000000     
   106.00000000000000        6960.0000000000000     
   107.00000000000000        7005.0000000000000     
   108.00000000000000        7050.0000000000000     
   109.00000000000000        7095.0000000000000     
   110.00000000000000        7140.0000000000000     
   111.00000000000000        7185.0000000000000     
   112.00000000000000        7230.0000000000000     
   113.00000000000000        7275.0000000000000     
   114.00000000000000        7320.0000000000000     
   115.00000000000000        7365.0000000000000     
   116.00000000000000        7410.0000000000000     
   117.00000000000000        7455.0000000000000     
   118.00000000000000        7500.0000000000000     
   119.00000000000000        7545.0000000000000     
   120.00000000000000        7590.0000000000000     
   121.00000000000000        7635.0000000000000     
   122.00000000000000        7680.0000000000000     
   123.00000000000000        7725.0000000000000     
   124.00000000000000        7770.0000000000000     
   125.00000000000000        7815.0000000000000     
   126.00000000000000        7860.0000000000000     
   127.00000000000000        7905.0000000000000     
   128.00000000000000        7950.0000000000000     
   129.00000000000000        7995.0000000000000     
   130.00000000000000        8040.0000000000000     
   131.00000000000000        8085.0000000000000     
   132.00000000000000        8130.0000000000000     
   133.00000000000000        8175.0000000000000     
   134.00000000000000        8220.0000000000000     
   135.00000000000000        8265.0000000000000     
   136.00000000000000        8310.0000000000000     
   137.00000000000000        8355.0000000000000     
   138.00000000000000        8400.0000000000000     
   139.00000000000000        8445.0000000000000     
   140.00000000000000        8490.0000000000000     
   141.00000000000000        8535.0000000000000     
   142.00000000000000        8580.0000000000000     
   143.00000000000000        8625.0000000000000     
   144.00000000000000        8670.0000000000000     
   145.00000000000000        8715.0000000000000     
   146.00000000000000        8760.0000000000000     
   147.00000000000000        8805.0000000000000     
   148.00000000000000        8850.0000000000000     
   149.00000000000000        8895.0000000000000     
   150.00000000000000        8940.0000000000000     
   151.00000000000000        8985.0000000000000     
   152.00000000000000        9030.0000000000000     
   153.00000000000000        9075.0000000000000     
   154.00000000000000        9120.0000000000000     
   155.00000000000000        9165.0000000000000     
   156.00000000000000        9210.0000000000000     
   157.00000000000000        9255.0000000000000     
   158.00000000000000        9300.0000000000000     
   159.00000000000000        9345.0000000000000     
   160.00000000000000        9390.0000000000000     
   161.00000000000000        8935.0000000000000     
   162.00000000000000        8980.0000000000000     
   163.00000000000000        9025.0000000000000     
   164.00000000000000        9070.0000000000000     
   165.00000000000000        9115.0000000000000     
   166.00000000000000        9160.0000000000000     
   167.00000000000000        9205.0000000000000     
   168.00000000000000        9250.0000000000000     
   169.00000000000000        9295.0000000000000     
   170.00000000000000        9340.0000000000000     
   171.00000000000000        9385.0000000000000     
   172.00000000000000        9430.0000000000000     
   173.00000000000000        9475.0000000000000     
   174.00000000000000        9520.0000000000000     
   175.00000000000000        9565.0000000000000     
   176.00000000000000        9610.0000000000000     
   177.00000000000000        9655.0000000000000     
   178.00000000000000        9700.0000000000000     
   179.00000000000000        9745.0000000000000     
   180.00000000000000        9790.0000000000000     
   181.00000000000000        9835.0000000000000     
   182.00000000000000        9880.0000000000000     
   183.00000000000000        9925.0000000000000     
   184.00000000000000        9950.0000000000000     
   185.00000000000000        9975.0000000000000     
   186.00000000000000        10000.000000000000     
   187.00000000000000        10025.000000000000     
   188.00000000000000        10050.000000000000     
   189.00000000000000        10075.000000000000     
   190.00000000000000        10100.000000000000     
   191.00000000000000        10125.000000000000     
   192.00000000000000        10150.000000000000     
   193.00000000000000        10175.000000000000     
   194.00000000000000        10200.000000000000     
   195.00000000000000        10225.000000000000     
   196.00000000000000        10250.000000000000     
   197.00000000000000        10275.000000000000     
   198.00000000000000        10300.000000000000     
   199.00000000000000        10325.000000000000     
   200.00000000000000        10350.000000000000     
   201.00000000000000        10375.000000000000     
   202.00000000000000        10400.000000000000     
   203.00000000000000        10425.000000000000     
   204.00000000000000        10450.000000000000     
   205.00000000000000        10475.000000000000     
   206.00000000000000        10500.000000000000     
   207.00000000000000        10525.000000000000     
   208.00000000000000        10550.000000000000     
   209.00000000000000        10575.000000000000     
   210.00000000000000        10600.000000000000     
   211.00000000000000        10625.000000000000     
   212.00000000000000        10610.000000000000     
   213.00000000000000        10595.000000000000     
   214.00000000000000        10580.000000000000     
   215.00000000000000        10565.000000000000     
   216.00000000000000        10550.000000000000     
   217.00000000000000        10535.000000000000     
   218.00000000000000        10520.000000000000     
   219.00000000000000        10505.000000000000     
   220.00000000000000        10490.000000000000     
   221.00000000000000        10475.000000000000     
   222.00000000000000        10460.000000000000     
   223.00000000000000        10445.000000000000     
   224.00000000000000        10430.000000000000     
   225.00000000000000        10415.000000000000     
   226.00000000000000        10400.000000000000     
   227.00000000000000        10385.000000000000     
   228.00000000000000        10370.000000000000     
   229.00000000000000        10355.000000000000     
   230.00000000000000        10340.000000000000     
   231.00000000000000        10325.000000000000     
   232.00000000000000        10310.000000000000     
   233.00000000000000        10295.000000000000     
   234.00000000000000        10280.000000000000     
   235.00000000000000        10265.000000000000     
   236.00000000000000        10250.000000000000     
   237.00000000000000        10235.000000000000     
   238.00000000000000        10220.000000000000     
   239.00000000000000        10205.000000000000     
   240.00000000000000        10190.000000000000     
   241.00000000000000        9675.0000000000000     
   242.00000000000000        9660.0000000000000     
   243.00000000000000        9645.0000000000000     
   244.00000000000000        9630.0000000000000     
   245.00000000000000        9615.0000000000000     
   246.00000000000000        9600.0000000000000     
   247.00000000000000        9585.0000000000000     
   248.00000000000000        9570.0000000000000     
   249.00000000000000        9555.0000000000000     
   250.00000000000000        9540.0000000000000     
   251.00000000000000        9525.0000000000000     
   252.00000000000000        9510.0000000000000     
   253.00000000000000        9495.0000000000000     
   254.00000000000000        9480.0000000000000     
   255.00000000000000        9465.0000000000000     
   256.00000000000000        9450.0000000000000     
   257.00000000000000        9435.0000000000000     
   258.00000000000000        9420.0000000000000     
   259.00000000000000        9405.0000000000000     
   260.00000000000000        9390.0000000000000     
   261.00000000000000        9375.0000000000000     
   262.00000000000000        9360.0000000000000     
   263.00000000000000        9345.0000000000000     
   264.00000000000000        9330.0000000000000     
   265.00000000000000        9315.0000000000000     
   266.00000000000000        9300.0000000000000     
   267.00000000000000        9285.0000000000000     
   268.00000000000000        9270.0000000000000     
   269.00000000000000        9255.0000000000000     
   270.00000000000000        9240.0000000000000     
   271.00000000000000        9225.0000000000000     
   272.00000000000000        9210.0000000000000     
   273.00000000000000        9195.0000000000000     
   274.00000000000000        9180.0000000000000     
   275.00000000000000        9165.0000000000000     
   276.00000000000000        9150.0000000000000     
   277.00000000000000        9135.0000000000000     
   278.00000000000000        9120.0000000000000     
   279.00000000000000        9105.0000000000000     
   280.00000000000000        9090.0000000000000     
   281.00000000000000        9075.0000000000000     
   282.00000000000000        9060.0000000000000     
   283.00000000000000        9045.0000000000000     
   284.00000000000000        9030.0000000000000     
   285.00000000000000        9015.0000000000000     
   286.00000000000000        9000.0000000000000     
   287.00000000000000        8985.0000000000000     
   288.00000000000000        8970.0000000000000     
   289.00000000000000        8955.0000000000000     
   290.00000000000000        8940.0000000000000     
   291.00000000000000        8925.0000000000000     
   292.00000000000000        8910.0000000000000     
   293.00000000000000        8895.0000000000000     
   294.00000000000000        8880.0000000000000     
   295.00000000000000        8865.0000000000000     
   296.00000000000000        8850.0000000000000     
   297.00000000000000        8835.0000000000000     
   298.00000000000000        8820.0000000000000     
   299.00000000000000        8805.0000000000000     
   300.00000000000000        8790.0000000000000     
   301.00000000000000        8775.0000000000000     
   302.00000000000000        8760.0000000000000     
   303.00000000000000        8745.0000000000000     
   304.00000000000000        8730.0000000000000     
   305.00000000000000        8715.0000000000000     
   306.00000000000000        8700.0000000000000     
   307.00000000000000        8685.0000000000000     
   308.00000000000000        8670.0000000000000     
   309.00000000000000        8655.0000000000000     
   310.00000000000000        8640.0000000000000     
   311.00000000000000        8625.0000000000000     
   312.00000000000000        8610.0000000000000     
   313.00000000000000        8595.0000000000000     
   314.00000000000000        8580.0000000000000     
   315.00000000000000        8565.0000000000000     
   316.00000000000000        8550.0000000000000     
   317.00000000000000        8535.0000000000000     
   318.00000000000000        8520.0000000000000     
   319.00000000000000        8505.0000000000000     
   320.00000000000000        8490.0000000000000     
