   1.0000000000000000       -334.76379919231493     
   2.0000000000000000       -172.54500192172463     
   3.0000000000000000       -13.824908449167737     
   4.0000000000000000        140.88813461525081     
   5.0000000000000000        291.06817178151960     
   6.0000000000000000        436.18306709907120     
   7.0000000000000000        575.70758935131698     
   8.0000000000000000        709.13767139413994     
   9.0000000000000000        837.63767138679236     
   10.000000000000000        966.13767137944342     
   11.000000000000000        1094.6376713720922     
   12.000000000000000        1223.1376713647367     
   13.000000000000000        1351.6376713573732     
   14.000000000000000        1480.1376713499947     
   15.000000000000000        1608.6376713425893     
   16.000000000000000        1737.1376713351353     
   17.000000000000000        1865.6376713275938     
   18.000000000000000        1994.1376713198961     
   19.000000000000000        2122.6376713119216     
   20.000000000000000        2251.1376713034601     
   21.000000000000000        2379.6376712941478     
   22.000000000000000        2508.1376712833580     
   23.000000000000000        2636.6376712700221     
   24.000000000000000        2765.1376712523270     
   25.000000000000000        2893.6376712272208     
   26.000000000000000        3022.1376711896005     
   27.000000000000000        3150.6376711309958     
   28.000000000000000        3279.1376710374443     
   29.000000000000000        3407.6376708860926     
   30.000000000000000        3536.1376706397987     
   31.000000000000000        3664.6376702386269     
   32.000000000000000        3793.1376695865392     
   33.000000000000000        3921.6376685307364     
   34.000000000000000        4050.1376668298331     
   35.000000000000000        4178.6376641051975     
   36.000000000000000        4307.1376597671233     
   37.000000000000000        4435.6376529036825     
   38.000000000000000        4564.1376421146670     
   39.000000000000000        4692.6376252654281     
   40.000000000000000        4821.1375991248005     
   41.000000000000000        4949.6375588366918     
   42.000000000000000        5078.1374971549649     
   43.000000000000000        5206.6374033443344     
   44.000000000000000        5335.1372616139979     
   45.000000000000000        5463.6370489031769     
   46.000000000000000        5592.1367317755630     
   47.000000000000000        5720.6362620993177     
   48.000000000000000        5849.1355710866665     
   49.000000000000000        5977.6345611377037     
   50.000000000000000        6106.1330947719061     
   51.000000000000000        6234.6309797329623     
   52.000000000000000        6363.1279491130426     
   53.000000000000000        6491.6236350572399     
   54.000000000000000        6620.1175342745555     
   55.000000000000000        6748.6089631973055     
   56.000000000000000        6877.0970001977757     
   57.000000000000000        7005.5804117947964     
   58.000000000000000        7134.0575592738760     
   59.000000000000000        7262.5262816190716     
   60.000000000000000        7390.9837501362190     
   61.000000000000000        7519.4262896670907     
   62.000000000000000        7647.8491608925970     
   63.000000000000000        7776.2462979492493     
   64.000000000000000        7904.6099954939255     
   65.000000000000000        8032.9305395117190     
   66.000000000000000        8161.1957766389814     
   67.000000000000000        8289.3906176386099     
   68.000000000000000        8417.4964719837335     
   69.000000000000000        8545.4906123368783     
   70.000000000000000        8673.3454700965158     
   71.000000000000000        8801.0278661408320     
   72.000000000000000        8928.4981844188915     
   73.000000000000000        9055.7095000737609     
   74.000000000000000        9182.6066782395228     
   75.000000000000000        9309.1254643955854     
   76.000000000000000        9435.1915919997518     
   77.000000000000000        9560.7199378213681     
   78.000000000000000        9685.6137596813551     
   79.000000000000000        9809.7640548695726     
   80.000000000000000        9933.0490800273401     
   81.000000000000000        9555.3340744312973     
   82.000000000000000        9676.4712280947879     
   83.000000000000000        9796.2999336629491     
   84.000000000000000        9914.6473565379220     
   85.000000000000000        10031.329350947102     
   86.000000000000000        10146.151740791387     
   87.000000000000000        10258.911973243159     
   88.000000000000000        10369.401140503567     
   89.000000000000000        10477.406351308458     
   90.000000000000000        10582.713419248370     
   91.000000000000000        10685.109820396956     
   92.000000000000000        10784.387858850047     
   93.000000000000000        10880.347966318752     
   94.000000000000000        10978.847966304726     
   95.000000000000000        11077.347966286154     
   96.000000000000000        11175.847966260666     
   97.000000000000000        11274.347966224694     
   98.000000000000000        11372.847966172903     
   99.000000000000000        11471.347966097352     
   100.00000000000000        11569.847965986262     
   101.00000000000000        11668.347965822260     
   102.00000000000000        11766.847965579818     
   103.00000000000000        11865.347965221612     
   104.00000000000000        11963.847964693306     
   105.00000000000000        12062.347963916172     
   106.00000000000000        12160.847962776643     
   107.00000000000000        12259.347961111649     
   108.00000000000000        12357.847958688111     
   109.00000000000000        12456.347955174389     
   110.00000000000000        12554.847950100770     
   111.00000000000000        12653.347942805005     
   112.00000000000000        12751.847932357668     
   113.00000000000000        12850.347917460318     
   114.00000000000000        12948.847896307288     
   115.00000000000000        13047.347866399045     
   116.00000000000000        13145.847824291415     
   117.00000000000000        13244.347765260363     
   118.00000000000000        13342.847682856143     
   119.00000000000000        13441.347568313398     
   120.00000000000000        13539.847409774635     
   121.00000000000000        13638.347191273353     
   122.00000000000000        13736.846891409366     
   123.00000000000000        13835.346481632156     
   124.00000000000000        13933.845924028012     
   125.00000000000000        14032.345168482649     
   126.00000000000000        14130.844149062461     
   127.00000000000000        14229.342779424063     
   128.00000000000000        14327.840947022762     
   129.00000000000000        14426.338505845630     
   130.00000000000000        14524.835267343620     
   131.00000000000000        14623.330989179358     
   132.00000000000000        14721.825361342944     
   133.00000000000000        14820.317989117502     
   134.00000000000000        14918.808372299829     
   135.00000000000000        15017.295880000420     
   136.00000000000000        15115.779720262670     
   137.00000000000000        15214.258903655313     
   138.00000000000000        15312.732199907679     
   139.00000000000000        15411.198086577508     
   140.00000000000000        15509.654688669836     
   141.00000000000000        15608.099708067686     
   142.00000000000000        15706.530341596377     
   143.00000000000000        15804.943186529516     
   144.00000000000000        15903.334132362706     
   145.00000000000000        16001.698237738005     
   146.00000000000000        16100.029591505452     
   147.00000000000000        16198.321157064840     
   148.00000000000000        16296.564599348114     
   149.00000000000000        16394.750094086485     
   150.00000000000000        16492.866119361141     
   151.00000000000000        16590.899229865452     
   152.00000000000000        16688.833814810554     
   153.00000000000000        16786.651840983130     
   154.00000000000000        16884.332583108950     
   155.00000000000000        16981.852344379535     
   156.00000000000000        17079.184170749464     
   157.00000000000000        17176.297563391472     
   158.00000000000000        17273.158194484877     
   159.00000000000000        17369.727632285107     
   160.00000000000000        17465.963082149843     
   161.00000000000000        17061.817150849311     
   162.00000000000000        17157.237642031399     
   163.00000000000000        17252.167391112176     
   164.00000000000000        17346.544148085373     
   165.00000000000000        17440.300516758547     
   166.00000000000000        17533.363958700371     
   167.00000000000000        17625.656869699731     
   168.00000000000000        17717.096735776249     
   169.00000000000000        17807.596374735574     
   170.00000000000000        17897.064267932514     
   171.00000000000000        17985.404985303114     
   172.00000000000000        18072.519704876555     
   173.00000000000000        18158.306825914322     
   174.00000000000000        18242.662672593789     
   175.00000000000000        18325.482282812940     
   176.00000000000000        18406.660274308073     
   177.00000000000000        18486.091777919810     
   178.00000000000000        18563.673425591962     
   179.00000000000000        18639.304378622059     
   180.00000000000000        18712.887379879376     
   181.00000000000000        18784.329812239641     
   182.00000000000000        18853.544744420618     
   183.00000000000000        18920.451944793964     
   184.00000000000000        18988.995066513442     
   185.00000000000000        19056.575986443433     
   186.00000000000000        19123.133290467580     
   187.00000000000000        19188.605184950113     
   188.00000000000000        19252.929887753548     
   189.00000000000000        19316.046042052199     
   190.00000000000000        19377.893148709085     
   191.00000000000000        19438.412012440847     
   192.00000000000000        19497.545196518920     
   193.00000000000000        19555.237480359658     
   194.00000000000000        19611.436314054765     
   195.00000000000000        19666.092263697290     
   196.00000000000000        19719.159441276472     
   197.00000000000000        19770.595912953355     
   198.00000000000000        19820.364079691288     
   199.00000000000000        19868.431024501624     
   200.00000000000000        19914.768820971858     
   201.00000000000000        19959.354798264656     
   202.00000000000000        20002.171758402492     
   203.00000000000000        20043.208142371135     
   204.00000000000000        20082.458142371135     
   205.00000000000000        20119.921758402492     
   206.00000000000000        20155.604798264656     
   207.00000000000000        20189.518820971858     
   208.00000000000000        20221.681024501624     
   209.00000000000000        20252.114079691288     
   210.00000000000000        20280.845912953355     
   211.00000000000000        20307.909441276472     
   212.00000000000000        20346.249800088117     
   213.00000000000000        20384.564580431903     
   214.00000000000000        20422.850190040797     
   215.00000000000000        20461.102617758239     
   216.00000000000000        20499.317398002655     
   217.00000000000000        20537.489574141931     
   218.00000000000000        20575.613661032821     
   219.00000000000000        20613.683607025650     
   220.00000000000000        20651.692755781023     
   221.00000000000000        20689.633808291925     
   222.00000000000000        20727.498785550619     
   223.00000000000000        20765.278992344382     
   224.00000000000000        20802.964982706028     
   225.00000000000000        20840.546527583530     
   226.00000000000000        20878.012585326614     
   227.00000000000000        20915.351275615609     
   228.00000000000000        20952.549857478298     
   229.00000000000000        20989.594712052527     
   230.00000000000000        21026.471330754855     
   231.00000000000000        21063.164309507851     
   232.00000000000000        21099.657349659414     
   233.00000000000000        21135.933266196487     
   234.00000000000000        21171.974003811742     
   235.00000000000000        21207.760661325337     
   236.00000000000000        21243.273524894408     
   237.00000000000000        21278.492110360723     
   238.00000000000000        21313.395214992590     
   239.00000000000000        21347.960978771305     
   240.00000000000000        21382.166955256314     
   241.00000000000000        20915.990191938254     
   242.00000000000000        20949.407319856862     
   243.00000000000000        20982.394652123279     
   244.00000000000000        21014.928290845801     
   245.00000000000000        21046.984241817103     
   246.00000000000000        21078.538536181826     
   247.00000000000000        21109.567358168948     
   248.00000000000000        21140.047177846322     
   249.00000000000000        21169.954887737804     
   250.00000000000000        21199.267942039147     
   251.00000000000000        21227.964497079898     
   252.00000000000000        21256.023551607159     
   253.00000000000000        21283.425085415209     
   254.00000000000000        21310.150194814465     
   255.00000000000000        21336.181223425250     
   256.00000000000000        21361.501886797341     
   257.00000000000000        21386.097389395665     
   258.00000000000000        21409.954532555672     
   259.00000000000000        21433.061812098404     
   260.00000000000000        21455.409504403931     
   261.00000000000000        21476.989739871144     
   262.00000000000000        21497.796562839922     
   263.00000000000000        21517.825977215914     
   264.00000000000000        21537.075977215914     
   265.00000000000000        21555.546562839922     
   266.00000000000000        21573.239739871144     
   267.00000000000000        21590.159504403931     
   268.00000000000000        21606.311812098404     
   269.00000000000000        21621.704532555672     
   270.00000000000000        21636.347389395665     
   271.00000000000000        21650.251886797341     
   272.00000000000000        21663.431223425250     
   273.00000000000000        21675.900194814465     
   274.00000000000000        21687.675085415209     
   275.00000000000000        21698.773551607159     
   276.00000000000000        21709.214497079898     
   277.00000000000000        21719.017942039147     
   278.00000000000000        21728.204887737804     
   279.00000000000000        21736.797177846322     
   280.00000000000000        21744.817358168948     
   281.00000000000000        21752.288536181826     
   282.00000000000000        21759.234241817103     
   283.00000000000000        21765.678290845801     
   284.00000000000000        21771.644652123279     
   285.00000000000000        21777.157319856862     
   286.00000000000000        21782.240191938254     
   287.00000000000000        21786.916955256314     
   288.00000000000000        21791.210978771305     
   289.00000000000000        21795.145214992590     
   290.00000000000000        21798.742110360723     
   291.00000000000000        21802.023524894408     
   292.00000000000000        21805.010661325337     
   293.00000000000000        21807.724003811742     
   294.00000000000000        21810.183266196487     
   295.00000000000000        21812.407349659414     
   296.00000000000000        21814.414309507851     
   297.00000000000000        21816.221330754855     
   298.00000000000000        21817.844712052527     
   299.00000000000000        21819.299857478298     
   300.00000000000000        21820.601275615609     
   301.00000000000000        21821.762585326614     
   302.00000000000000        21822.796527583530     
   303.00000000000000        21823.714982706028     
   304.00000000000000        21824.528992344382     
   305.00000000000000        21825.248785550619     
   306.00000000000000        21825.883808291925     
   307.00000000000000        21826.442755781023     
   308.00000000000000        21826.933607025650     
   309.00000000000000        21827.363661032821     
   310.00000000000000        21827.739574141931     
   311.00000000000000        21828.067398002655     
   312.00000000000000        21828.352617758239     
   313.00000000000000        21828.600190040797     
   314.00000000000000        21828.814580431903     
   315.00000000000000        21828.999800088117     
   316.00000000000000        21829.159441276472     
   317.00000000000000        21829.296711608535     
   318.00000000000000        21829.414466803195     
   319.00000000000000        21829.515241847035     
   320.00000000000000        21829.601280457060     
