   1.0000000000000000       -334.76379919231493     
   2.0000000000000000       -172.54500192172463     
   3.0000000000000000       -13.824908449167737     
   4.0000000000000000        140.88813461525081     
   5.0000000000000000        291.06817178151960     
   6.0000000000000000        436.18306709907120     
   7.0000000000000000        575.70758935131698     
   8.0000000000000000        709.13767139413994     
   9.0000000000000000        837.63767138679373     
   10.000000000000000        966.13767137944751     
   11.000000000000000        1094.6376713721013     
   12.000000000000000        1223.1376713647551     
   13.000000000000000        1351.6376713574089     
   14.000000000000000        1480.1376713500626     
   15.000000000000000        1608.6376713427164     
   16.000000000000000        1737.1376713353702     
   17.000000000000000        1865.6376713280240     
   18.000000000000000        1994.1376713206778     
   19.000000000000000        2122.6376713133313     
   20.000000000000000        2251.1376713059854     
   21.000000000000000        2379.6376712986394     
   22.000000000000000        2508.1376712912934     
   23.000000000000000        2636.6376712839474     
   24.000000000000000        2765.1376712766014     
   25.000000000000000        2893.6376712692550     
   26.000000000000000        3022.1376712619085     
   27.000000000000000        3150.6376712545625     
   28.000000000000000        3279.1376712472165     
   29.000000000000000        3407.6376712398701     
   30.000000000000000        3536.1376712325236     
   31.000000000000000        3664.6376712251772     
   32.000000000000000        3793.1376712178308     
   33.000000000000000        3921.6376712104848     
   34.000000000000000        4050.1376712031388     
   35.000000000000000        4178.6376711957928     
   36.000000000000000        4307.1376711884468     
   37.000000000000000        4435.6376711811008     
   38.000000000000000        4564.1376711737539     
   39.000000000000000        4692.6376711664070     
   40.000000000000000        4821.1376711590592     
   41.000000000000000        4949.6376711517087     
   42.000000000000000        5078.1376711443518     
   43.000000000000000        5206.6376711369785     
   44.000000000000000        5335.1376711295652     
   45.000000000000000        5463.6376711220546     
   46.000000000000000        5592.1376711143103     
   47.000000000000000        5720.6376711060138     
   48.000000000000000        5849.1376710964369     
   49.000000000000000        5977.6376710839304     
   50.000000000000000        6106.1376710648292     
   51.000000000000000        6234.6376710311115     
   52.000000000000000        6363.1376709655015     
   53.000000000000000        6491.6376708313792     
   54.000000000000000        6620.1376705523562     
   55.000000000000000        6748.6376699716211     
   56.000000000000000        6877.1376687723860     
   57.000000000000000        7005.6376663248811     
   58.000000000000000        7134.1376613970979     
   59.000000000000000        7262.6376516173777     
   60.000000000000000        7391.1376324932316     
   61.000000000000000        7519.6375956511583     
   62.000000000000000        7648.1375257343798     
   63.000000000000000        7776.6373950318366     
   64.000000000000000        7905.1371543450177     
   65.000000000000000        8033.6367177366747     
   66.000000000000000        8162.1359375256552     
   67.000000000000000        8290.6345640427462     
   68.000000000000000        8419.1321820645862     
   69.000000000000000        8547.6281123026638     
   70.000000000000000        8676.1212616583744     
   71.000000000000000        8804.6099000298782     
   72.000000000000000        8933.0913342492568     
   73.000000000000000        9061.5614414052543     
   74.000000000000000        9190.0140148165356     
   75.000000000000000        9318.4398670912469     
   76.000000000000000        9446.8256273329735     
   77.000000000000000        9575.1521654285789     
   78.000000000000000        9703.3925777537988     
   79.000000000000000        9831.5096781707871     
   80.000000000000000        9959.4529585488526     
   81.000000000000000        9587.1550165472308     
   82.000000000000000        9714.5274964902073     
   83.000000000000000        9841.4566517468647     
   84.000000000000000        9967.7987118611381     
   85.000000000000000        10093.375319898783     
   86.000000000000000        10217.969387405046     
   87.000000000000000        10341.321785741287     
   88.000000000000000        10463.129341329852     
   89.000000000000000        10583.044615960440     
   90.000000000000000        10700.677920632190     
   91.000000000000000        10815.601924710205     
   92.000000000000000        10927.359079252694     
   93.000000000000000        11035.471879117487     
   94.000000000000000        11133.971879111856     
   95.000000000000000        11232.471879106224     
   96.000000000000000        11330.971879100593     
   97.000000000000000        11429.471879094961     
   98.000000000000000        11527.971879089329     
   99.000000000000000        11626.471879083698     
   100.00000000000000        11724.971879078066     
   101.00000000000000        11823.471879072435     
   102.00000000000000        11921.971879066803     
   103.00000000000000        12020.471879061171     
   104.00000000000000        12118.971879055540     
   105.00000000000000        12217.471879049908     
   106.00000000000000        12315.971879044277     
   107.00000000000000        12414.471879038645     
   108.00000000000000        12512.971879033013     
   109.00000000000000        12611.471879027382     
   110.00000000000000        12709.971879021750     
   111.00000000000000        12808.471879016119     
   112.00000000000000        12906.971879010487     
   113.00000000000000        13005.471879004856     
   114.00000000000000        13103.971878999224     
   115.00000000000000        13202.471878993592     
   116.00000000000000        13300.971878987961     
   117.00000000000000        13399.471878982329     
   118.00000000000000        13497.971878976698     
   119.00000000000000        13596.471878971066     
   120.00000000000000        13694.971878965434     
   121.00000000000000        13793.471878959803     
   122.00000000000000        13891.971878954169     
   123.00000000000000        13990.471878948534     
   124.00000000000000        14088.971878942892     
   125.00000000000000        14187.471878937235     
   126.00000000000000        14285.971878931547     
   127.00000000000000        14384.471878925789     
   128.00000000000000        14482.971878919881     
   129.00000000000000        14581.471878913650     
   130.00000000000000        14679.971878906730     
   131.00000000000000        14778.471878898368     
   132.00000000000000        14876.971878887023     
   133.00000000000000        14975.471878869575     
   134.00000000000000        15073.971878839804     
   135.00000000000000        15172.471878785445     
   136.00000000000000        15270.971878682636     
   137.00000000000000        15369.471878485521     
   138.00000000000000        15467.971878107099     
   139.00000000000000        15566.471877384376     
   140.00000000000000        15664.971876015848     
   141.00000000000000        15763.471873450826     
   142.00000000000000        15861.971868696211     
   143.00000000000000        15960.471859983740     
   144.00000000000000        16058.971844204834     
   145.00000000000000        16157.471815964023     
   146.00000000000000        16255.971766015587     
   147.00000000000000        16354.471678717728     
   148.00000000000000        16452.971527945363     
   149.00000000000000        16551.471270621762     
   150.00000000000000        16649.970836628705     
   151.00000000000000        16748.470113295825     
   152.00000000000000        16846.968921905940     
   153.00000000000000        16945.466982634065     
   154.00000000000000        17043.963863011111     
   155.00000000000000        17142.458903323342     
   156.00000000000000        17240.951110294583     
   157.00000000000000        17339.439007949539     
   158.00000000000000        17437.920431768340     
   159.00000000000000        17536.392249227389     
   160.00000000000000        17634.849986778940     
   161.00000000000000        17233.287340557636     
   162.00000000000000        17331.695546041210     
   163.00000000000000        17430.062581079474     
   164.00000000000000        17528.372177789268     
   165.00000000000000        17626.602622507718     
   166.00000000000000        17724.725330016219     
   167.00000000000000        17822.703189214895     
   168.00000000000000        17920.488692753544     
   169.00000000000000        18018.021882878100     
   170.00000000000000        18115.228169522048     
   171.00000000000000        18212.016103457467     
   172.00000000000000        18308.275215455196     
   173.00000000000000        18403.874059558075     
   174.00000000000000        18498.658621841249     
   175.00000000000000        18592.451272137285     
   176.00000000000000        18685.050441782707     
   177.00000000000000        18776.231202452494     
   178.00000000000000        18865.746897304893     
   179.00000000000000        18953.331934879385     
   180.00000000000000        19038.705798979357     
   181.00000000000000        19121.578256463265     
   182.00000000000000        19201.655663683316     
   183.00000000000000        19278.648187167048     
   184.00000000000000        19356.117156725930     
   185.00000000000000        19433.252718288673     
   186.00000000000000        19509.966832926457     
   187.00000000000000        19586.154744216568     
   188.00000000000000        19661.693710097068     
   189.00000000000000        19736.442167439593     
   190.00000000000000        19810.239475228074     
   191.00000000000000        19882.906375863386     
   192.00000000000000        19954.246295111236     
   193.00000000000000        20024.047568711212     
   194.00000000000000        20092.086638070075     
   195.00000000000000        20158.132200633394     
   196.00000000000000        20221.950235829067     
   197.00000000000000        20283.309759620672     
   198.00000000000000        20341.989095421017     
   199.00000000000000        20397.782392599940     
   200.00000000000000        20450.506082100772     
   201.00000000000000        20500.004936895333     
   202.00000000000000        20546.157406736675     
   203.00000000000000        20588.879923398334     
   204.00000000000000        20628.129923398334     
   205.00000000000000        20663.907406736675     
   206.00000000000000        20696.254936895333     
   207.00000000000000        20725.256082100772     
   208.00000000000000        20751.032392599940     
   209.00000000000000        20773.739095421017     
   210.00000000000000        20793.559759620672     
   211.00000000000000        20810.700235829067     
   212.00000000000000        20849.200235681154     
   213.00000000000000        20887.700235398668     
   214.00000000000000        20926.200234863762     
   215.00000000000000        20964.700233861189     
   216.00000000000000        21003.200232002786     
   217.00000000000000        21041.700228597405     
   218.00000000000000        21080.200222430016     
   219.00000000000000        21118.700211391730     
   220.00000000000000        21157.200191868738     
   221.00000000000000        21195.700157747240     
   222.00000000000000        21234.200098815909     
   223.00000000000000        21272.699998237647     
   224.00000000000000        21311.199828605844     
   225.00000000000000        21349.699545881824     
   226.00000000000000        21388.199080211667     
   227.00000000000000        21426.698322222153     
   228.00000000000000        21465.197102877140     
   229.00000000000000        21503.695164318975     
   230.00000000000000        21542.192118312811     
   231.00000000000000        21580.687387954596     
   232.00000000000000        21619.180127213720     
   233.00000000000000        21657.669111702788     
   234.00000000000000        21696.152592877759     
   235.00000000000000        21734.628106791261     
   236.00000000000000        21773.092227716312     
   237.00000000000000        21811.540256639899     
   238.00000000000000        21849.965835049312     
   239.00000000000000        21888.360475878351     
   240.00000000000000        21926.713006224312     
   241.00000000000000        21465.008920733439     
   242.00000000000000        21503.229650542962     
   243.00000000000000        21541.351760388599     
   244.00000000000000        21579.346095777350     
   245.00000000000000        21617.176912594747     
   246.00000000000000        21654.801032512642     
   247.00000000000000        21692.167078177219     
   248.00000000000000        21729.214851252367     
   249.00000000000000        21765.874922687872     
   250.00000000000000        21802.068506762476     
   251.00000000000000        21837.707687328839     
   252.00000000000000        21872.696055367593     
   253.00000000000000        21906.929801018538     
   254.00000000000000        21940.299280895179     
   255.00000000000000        21972.691053617316     
   256.00000000000000        22003.990344764239     
   257.00000000000000        22034.083869171587     
   258.00000000000000        22062.862906474940     
   259.00000000000000        22090.226498084983     
   260.00000000000000        22116.084613317875     
   261.00000000000000        22140.361121720303     
   262.00000000000000        22162.996409476884     
   263.00000000000000        22183.949490896932     
   264.00000000000000        22203.199490896932     
   265.00000000000000        22220.746409476884     
   266.00000000000000        22236.611121720303     
   267.00000000000000        22250.834613317875     
   268.00000000000000        22263.476498084983     
   269.00000000000000        22274.612906474940     
   270.00000000000000        22284.333869171587     
   271.00000000000000        22292.740344764239     
   272.00000000000000        22299.941053617316     
   273.00000000000000        22306.049280895179     
   274.00000000000000        22311.179801018538     
   275.00000000000000        22315.446055367593     
   276.00000000000000        22318.957687328839     
   277.00000000000000        22321.818506762476     
   278.00000000000000        22324.124922687872     
   279.00000000000000        22325.964851252367     
   280.00000000000000        22327.417078177219     
   281.00000000000000        22328.551032512642     
   282.00000000000000        22329.426912594747     
   283.00000000000000        22330.096095777350     
   284.00000000000000        22330.601760388599     
   285.00000000000000        22330.979650542962     
   286.00000000000000        22331.258920733439     
   287.00000000000000        22331.463006224312     
   288.00000000000000        22331.610475878351     
   289.00000000000000        22331.715835049312     
   290.00000000000000        22331.790256639899     
   291.00000000000000        22331.842227716312     
   292.00000000000000        22331.878106791261     
   293.00000000000000        22331.902592877759     
   294.00000000000000        22331.919111702788     
   295.00000000000000        22331.930127213720     
   296.00000000000000        22331.937387954596     
   297.00000000000000        22331.942118312811     
   298.00000000000000        22331.945164318975     
   299.00000000000000        22331.947102877140     
   300.00000000000000        22331.948322222153     
   301.00000000000000        22331.949080211667     
   302.00000000000000        22331.949545881824     
   303.00000000000000        22331.949828605844     
   304.00000000000000        22331.949998237647     
   305.00000000000000        22331.950098815909     
   306.00000000000000        22331.950157747240     
   307.00000000000000        22331.950191868738     
   308.00000000000000        22331.950211391730     
   309.00000000000000        22331.950222430016     
   310.00000000000000        22331.950228597405     
   311.00000000000000        22331.950232002786     
   312.00000000000000        22331.950233861189     
   313.00000000000000        22331.950234863762     
   314.00000000000000        22331.950235398668     
   315.00000000000000        22331.950235681154     
   316.00000000000000        22331.950235829067     
   317.00000000000000        22331.950235906112     
   318.00000000000000        22331.950235946297     
   319.00000000000000        22331.950235967543     
   320.00000000000000        22331.950235979180     
