   101.00000000000000       0.99999999994283117     
   102.00000000000000       0.99999999994283129
   103.00000000000000       0.99999999994283084
   104.00000000000000       0.99999999994283162
   105.00000000000000       0.99999999994283151
   106.00000000000000       0.99999999994283095
   107.00000000000000       0.99999999994283084
   108.00000000000000       0.99999999994283140
   109.00000000000000       0.99999999994283129
   110.00000000000000       0.99999999994283117
   111.00000000000000       0.99999999994283106
   112.00000000000000       0.99999999994283084
   113.00000000000000       0.99999999994283129
   114.00000000000000       0.99999999994283106
   115.00000000000000       0.99999999994283084
   116.00000000000000       0.99999999994283106
   117.00000000000000       0.99999999994283106
   118.00000000000000       0.99999999994283073
   119.00000000000000       0.99999999994283151
   120.00000000000000       0.99999999994283084
   121.00000000000000       0.99999999994283106
   122.00000000000000       0.99999999994283106
   123.00000000000000       0.99999999994283106
   124.00000000000000       0.99999999994283106
   125.00000000000000       0.99999999994283106
   126.00000000000000       0.99999999994283073
   127.00000000000000       0.99999999994283040
   128.00000000000000       0.99999999994283117
   129.00000000000000       0.99999999994283129
   130.00000000000000       0.99999999994283140
   131.00000000000000       0.99999999994283106
   132.00000000000000       0.99999999994283151
   133.00000000000000       0.99999999994283129
   134.00000000000000       0.99999999994283129
   135.00000000000000       0.99999999994283084
   136.00000000000000       0.99999999994283106
   137.00000000000000       0.99999999994283140
   138.00000000000000       0.99999999994283129
   139.00000000000000       0.99999999994283084
   140.00000000000000       0.99999999994283129
   141.00000000000000       0.99999999994283106
   142.00000000000000       0.99999999994283106
   143.00000000000000       0.99999999994283162
   144.00000000000000       0.99999999994283106
   145.00000000000000       0.99999999994283084
   146.00000000000000       0.99999999994283029
   147.00000000000000       0.99999999994283106
   148.00000000000000       0.99999999994283106
   149.00000000000000       0.99999999994283129
   150.00000000000000       0.99999999994283106
   151.00000000000000       0.99999999994283106
   152.00000000000000       0.99999999994283073
   153.00000000000000       0.99999999994283073
   154.00000000000000       0.99999999994283106
   155.00000000000000       0.99999999994283051
   156.00000000000000       0.99999999994283073
   157.00000000000000       0.99999999994283062
   158.00000000000000       0.99999999994283106
   159.00000000000000       0.99999999994283073
   160.00000000000000       0.99999999994283117
   161.00000000000000       0.99999999994283106
   162.00000000000000       0.99999999994283106
   163.00000000000000       0.99999999994283084
   164.00000000000000       0.99999999994283173
   165.00000000000000       0.99999999994283062
   166.00000000000000       0.99999999994283095
   167.00000000000000       0.99999999994283106
   168.00000000000000       0.99999999994283062
   169.00000000000000       0.99999999994283062
   170.00000000000000       0.99999999994283084
   171.00000000000000       0.99999999994283129
   172.00000000000000       0.99999999994283117
   173.00000000000000       0.99999999994283051
   174.00000000000000       0.99999999994283106
   175.00000000000000       0.99999999994283129
   176.00000000000000       0.99999999994283129
   177.00000000000000       0.99999999994283095
   178.00000000000000       0.99999999994283084
   179.00000000000000       0.99999999994283062
   180.00000000000000       0.99999999994283018
   181.00000000000000       0.99999999994283084
   182.00000000000000       0.99999999994283129
   183.00000000000000       0.99999999994283106
   184.00000000000000       0.99999999994283106
   185.00000000000000       0.99999999994283084
   186.00000000000000       0.99999999994283084
   187.00000000000000       0.99999999994283095
   188.00000000000000       0.99999999994283106
   189.00000000000000       0.99999999994283117
   190.00000000000000       0.99999999994283084
   191.00000000000000       0.99999999994283084
   192.00000000000000       0.99999999994283084
   193.00000000000000       0.99999999994282973
   194.00000000000000       0.99999999994282707
   195.00000000000000       0.99999999994282196
   196.00000000000000       0.99999999994281030
   197.00000000000000       0.99999999994278199
   198.00000000000000       0.99999999994271860
   199.00000000000000       0.99999999994257549
   200.00000000000000       0.99999999994225575
   201.00000000000000       0.99999999994155131
   202.00000000000000       0.99999999994002031
   203.00000000000000       0.99999999993672872
   204.00000000000000       0.99999999992974831
   205.00000000000000       0.99999999991511346
   206.00000000000000       0.99999999988481858
   207.00000000000000       0.99999999982287135
   208.00000000000000       0.99999999969775022
   209.00000000000000       0.99999999944813256
   210.00000000000000       0.99999999895624403
   211.00000000000000       0.99999999799882788
   212.00000000000000       0.99999999615814616
   213.00000000000000       0.99999999266272122
   214.00000000000000       0.99999998610632201
   215.00000000000000       0.99999997395917106
   216.00000000000000       0.99999995172979750
   217.00000000000000       0.99999991154851486
   218.00000000000000       0.99999983980806095
   219.00000000000000       0.99999971329125836
   220.00000000000000       0.99999949290928847
   221.00000000000000       0.99999911372730943
   222.00000000000000       0.99999846931609260
   223.00000000000000       0.99999738757763212
   224.00000000000000       0.99999559397912585
   225.00000000000000       0.99999265651899072
   226.00000000000000       0.99998790467123400
   227.00000000000000       0.99998031196064430
   228.00000000000000       0.99996832870099150
   229.00000000000000       0.99994964783989781
   230.00000000000000       0.99992088295677894
   231.00000000000000       0.99987713355286201
   232.00000000000000       0.99981140932791168
   233.00000000000000       0.99971388283296858
   234.00000000000000       0.99957093960965482
   235.00000000000000       0.99936399775325313
   236.00000000000000       0.99906807597538894
   237.00000000000000       0.99865010191131975
   238.00000000000000       0.99806697167303349
   239.00000000000000       0.99726339815686338
   240.00000000000000       0.99616961937564419
   241.00000000000000       0.99469907815916181
   242.00000000000000       0.99274622881876395
   243.00000000000000       0.99018467131528354
   244.00000000000000       0.98686585425329187
   245.00000000000000       0.98261861863368949
   246.00000000000000       0.97724986799724389
   247.00000000000000       0.97054664063836271
   248.00000000000000       0.96227982013374269
   249.00000000000000       0.95220964767548255
   250.00000000000000       0.94009309284691223
   251.00000000000000       0.92569300172372593
   252.00000000000000       0.90878878022739673
   253.00000000000000       0.88918819872580879
   254.00000000000000       0.86673973705556606
   255.00000000000000       0.84134474602951692
   256.00000000000000       0.81296860121877623
   257.00000000000000       0.78164998460641910
   258.00000000000000       0.74750746242477839
   259.00000000000000       0.71074263922193248
   260.00000000000000       0.67163935669848995
   261.00000000000000       0.63055865980330861
   262.00000000000000       0.58792955211900377
   263.00000000000000       0.54423588104025356
   264.00000000000000       0.50000000000000000
   265.00000000000000       0.45576411895974644
   266.00000000000000       0.41207044788099623
   267.00000000000000       0.36944134019669139
   268.00000000000000       0.32836064330151005
   269.00000000000000       0.28925736077806752
   270.00000000000000       0.25249253757522161
   271.00000000000000       0.21835001539358090
   272.00000000000000       0.18703139878122377
   273.00000000000000       0.15865525397048308
   274.00000000000000       0.13326026294443394
   275.00000000000000       0.11081180127419121
   276.00000000000000        9.1211219772603380E-002
   277.00000000000000        7.4306998276274072E-002
   278.00000000000000        5.9906907153087885E-002
   279.00000000000000        4.7790352324517782E-002
   280.00000000000000        3.7720179866257197E-002
   281.00000000000000        2.9453359361637288E-002
   282.00000000000000        2.2750132002756107E-002
   283.00000000000000        1.7381381366310622E-002
   284.00000000000000        1.3134145746708237E-002
   285.00000000000000        9.8153286847165733E-003
   286.00000000000000        7.2537711812358241E-003
   287.00000000000000        5.3009218408379688E-003
   288.00000000000000        3.8303806243555893E-003
   289.00000000000000        2.7366018431365102E-003
   290.00000000000000        1.9330283269662907E-003
   291.00000000000000        1.3498980886803569E-003
   292.00000000000000        9.3192402461106383E-004
   293.00000000000000        6.3600224674675854E-004
   294.00000000000000        4.2906039034495969E-004
   295.00000000000000        2.8611716703119683E-004
   296.00000000000000        1.8859067208820690E-004
   297.00000000000000        1.2286644713810357E-004
   298.00000000000000        7.9117043221166305E-005
   299.00000000000000        5.0352160102073995E-005
   300.00000000000000        3.1671299008495524E-005
   301.00000000000000        1.9688039355703069E-005
   302.00000000000000        1.2095328765782121E-005
   303.00000000000000        7.3434810092809499E-006
   304.00000000000000        4.4060208739260531E-006
   305.00000000000000        2.6124223677648217E-006
   306.00000000000000        1.5306839072914968E-006
   307.00000000000000        8.8627269057006686E-007
   308.00000000000000        5.0709071175436549E-007
   309.00000000000000        2.8670874185898754E-007
   310.00000000000000        1.6019193915806085E-007
   311.00000000000000        8.8451485136253893E-008
   312.00000000000000        4.8270202501754511E-008
   313.00000000000000        2.6040828937645699E-008
   314.00000000000000        1.3893677985876707E-008
   315.00000000000000        7.3372787845471521E-009
   316.00000000000000        3.8418539460849388E-009
   317.00000000000000        2.0011716728163265E-009
   318.00000000000000        1.0437558595199903E-009
   319.00000000000000        5.5186732961232110E-010
