   1.0000000000000000       -321.50000000000000
   2.0000000000000000       -143.00000001020462
   3.0000000000000000        35.499999979590655
   4.0000000000000000        213.99999996938604
   5.0000000000000000        392.49999995918142
   6.0000000000000000        570.99999994897667
   7.0000000000000000        749.49999993877213
   8.0000000000000000        927.99999992856749
   9.0000000000000000        1056.4999999212214
   10.000000000000000        1184.9999999138752
   11.000000000000000        1313.4999999065290
   12.000000000000000        1441.9999998991827
   13.000000000000000        1570.4999998918365
   14.000000000000000        1698.9999998844903
   15.000000000000000        1827.4999998771441
   16.000000000000000        1955.9999998697979
   17.000000000000000        2084.4999998624517
   18.000000000000000        2212.9999998551052
   19.000000000000000        2341.4999998477588
   20.000000000000000        2469.9999998404123
   21.000000000000000        2598.4999998330659
   22.000000000000000        2726.9999998257199
   23.000000000000000        2855.4999998183739
   24.000000000000000        2983.9999998110279
   25.000000000000000        3112.4999998036819
   26.000000000000000        3240.9999997963355
   27.000000000000000        3369.4999997889895
   28.000000000000000        3497.9999997816435
   29.000000000000000        3626.4999997742971
   30.000000000000000        3754.9999997669511
   31.000000000000000        3883.4999997596046
   32.000000000000000        4011.9999997522582
   33.000000000000000        4140.4999997449122
   34.000000000000000        4268.9999997375662
   35.000000000000000        4397.4999997302202
   36.000000000000000        4525.9999997228742
   37.000000000000000        4654.4999997155282
   38.000000000000000        4782.9999997081823
   39.000000000000000        4911.4999997008363
   40.000000000000000        5039.9999996934903
   41.000000000000000        5168.4999996861443
   42.000000000000000        5296.9999996787983
   43.000000000000000        5425.4999996714523
   44.000000000000000        5553.9999996641063
   45.000000000000000        5682.4999996567603
   46.000000000000000        5810.9999996494143
   47.000000000000000        5939.4999996420684
   48.000000000000000        6067.9999996347224
   49.000000000000000        6196.4999996273764
   50.000000000000000        6324.9999996200304
   51.000000000000000        6453.4999996126844
   52.000000000000000        6581.9999996053384
   53.000000000000000        6710.4999995979924
   54.000000000000000        6838.9999995906464
   55.000000000000000        6967.4999995833005
   56.000000000000000        7095.9999995759545
   57.000000000000000        7224.4999995686085
   58.000000000000000        7352.9999995612625
   59.000000000000000        7481.4999995539165
   60.000000000000000        7609.9999995465705
   61.000000000000000        7738.4999995392245
   62.000000000000000        7866.9999995318785
   63.000000000000000        7995.4999995245325
   64.000000000000000        8123.9999995171866
   65.000000000000000        8252.4999995098406
   66.000000000000000        8380.9999995024937
   67.000000000000000        8509.4999994951468
   68.000000000000000        8637.9999994877999
   69.000000000000000        8766.4999994804530
   70.000000000000000        8894.9999994731061
   71.000000000000000        9023.4999994657592
   72.000000000000000        9151.9999994584123
   73.000000000000000        9280.4999994510654
   74.000000000000000        9408.9999994437185
   75.000000000000000        9537.4999994363716
   76.000000000000000        9665.9999994290247
   77.000000000000000        9794.4999994216778
   78.000000000000000        9922.9999994143309
   79.000000000000000        10051.499999406984
   80.000000000000000        10179.999999399637
   81.000000000000000        9808.4999993922902
   82.000000000000000        9936.9999993849433
   83.000000000000000        10065.499999377596
   84.000000000000000        10193.999999370249
   85.000000000000000        10322.499999362903
   86.000000000000000        10450.999999355556
   87.000000000000000        10579.499999348209
   88.000000000000000        10707.999999340862
   89.000000000000000        10836.499999333515
   90.000000000000000        10964.999999326168
   91.000000000000000        11093.499999318821
   92.000000000000000        11221.999999311474
   93.000000000000000        11350.499999304127
   94.000000000000000        11448.999999298496
   95.000000000000000        11547.499999292864
   96.000000000000000        11645.999999287233
   97.000000000000000        11744.499999281601
   98.000000000000000        11842.999999275969
   99.000000000000000        11941.499999270338
   100.00000000000000        12039.999999264706
   101.00000000000000        12138.499999259075
   102.00000000000000        12236.999999253443
   103.00000000000000        12335.499999247812
   104.00000000000000        12433.999999242180
   105.00000000000000        12532.499999236548
   106.00000000000000        12630.999999230917
   107.00000000000000        12729.499999225285
   108.00000000000000        12827.999999219654
   109.00000000000000        12926.499999214022
   110.00000000000000        13024.999999208390
   111.00000000000000        13123.499999202759
   112.00000000000000        13221.999999197127
   113.00000000000000        13320.499999191494
   114.00000000000000        13418.999999185860
   115.00000000000000        13517.499999180227
   116.00000000000000        13615.999999174592
   117.00000000000000        13714.499999168955
   118.00000000000000        13812.999999163314
   119.00000000000000        13911.499999157668
   120.00000000000000        14009.999999152016
   121.00000000000000        14108.499999146356
   122.00000000000000        14206.999999140682
   123.00000000000000        14305.499999134991
   124.00000000000000        14403.999999129272
   125.00000000000000        14502.499999123514
   126.00000000000000        14600.999999117703
   127.00000000000000        14699.499999111815
   128.00000000000000        14797.999999105819
   129.00000000000000        14896.499999099673
   130.00000000000000        14994.999999093314
   131.00000000000000        15093.499999086656
   132.00000000000000        15191.999999079582
   133.00000000000000        15290.499999071926
   134.00000000000000        15388.999999063461
   135.00000000000000        15487.499999053874
   136.00000000000000        15585.999999042735
   137.00000000000000        15684.499999029451
   138.00000000000000        15782.999999013215
   139.00000000000000        15881.499998992924
   140.00000000000000        15979.999998967078
   141.00000000000000        16078.499998933639
   142.00000000000000        16176.999998889847
   143.00000000000000        16275.499998831978
   144.00000000000000        16373.999998755011
   145.00000000000000        16472.499998652202
   146.00000000000000        16570.999998514511
   147.00000000000000        16669.499998329855
   148.00000000000000        16767.999998082123
   149.00000000000000        16866.499997749892
   150.00000000000000        16964.999997304738
   151.00000000000000        17063.499996709055
   152.00000000000000        17161.999995913218
   153.00000000000000        17260.499994851903
   154.00000000000000        17358.999993439349
   155.00000000000000        17457.499991563247
   156.00000000000000        17555.999989076903
   157.00000000000000        17654.499985789207
   158.00000000000000        17752.999981451831
   159.00000000000000        17851.499975742918
   160.00000000000000        17949.999968246400
   161.00000000000000        17548.499958425808
   162.00000000000000        17646.999945591218
   163.00000000000000        17745.499928857655
   164.00000000000000        17843.999907092879
   165.00000000000000        17942.499878852068
   166.00000000000000        18040.999842296296
   167.00000000000000        18139.499795091113
   168.00000000000000        18237.999734280704
   169.00000000000000        18336.499656132248
   170.00000000000000        18434.999555943916
   171.00000000000000        18533.499427808751
   172.00000000000000        18631.999264325117
   173.00000000000000        18730.499056242697
   174.00000000000000        18828.998792030932
   175.00000000000000        18927.498457354497
   176.00000000000000        19025.998034437689
   177.00000000000000        19124.497501296482
   178.00000000000000        19222.996830813507
   179.00000000000000        19321.495989627187
   180.00000000000000        19419.994936801766
   181.00000000000000        19518.493622239857
   182.00000000000000        19616.991984793498
   183.00000000000000        19715.489950023435
   184.00000000000000        19793.987939726852
   185.00000000000000        19872.485453529880
   186.00000000000000        19950.982386091058
   187.00000000000000        20029.478610523565
   188.00000000000000        20107.973974394452
   189.00000000000000        20186.468295068516
   190.00000000000000        20264.961354307139
   191.00000000000000        20343.452892023572
   192.00000000000000        20421.942599086960
   193.00000000000000        20500.430109058147
   194.00000000000000        20578.914988730972
   195.00000000000000        20657.396727343781
   196.00000000000000        20735.874724317066
   197.00000000000000        20814.348275365224
   198.00000000000000        20892.816556823291
   199.00000000000000        20971.278608023629
   200.00000000000000        21049.733311553318
   201.00000000000000        21128.179371220707
   202.00000000000000        21206.615287559667
   203.00000000000000        21285.039330702948
   204.00000000000000        21363.449510462233
   205.00000000000000        21441.843543462270
   206.00000000000000        21520.218817190475
   207.00000000000000        21598.572350841921
   208.00000000000000        21676.900752863239
   209.00000000000000        21755.200175127833
   210.00000000000000        21833.466263709419
   211.00000000000000        21911.694106261421
   212.00000000000000        21950.039159600339     
   213.00000000000000        21988.359703859245
   214.00000000000000        22026.652337237836
   215.00000000000000        22064.913265120620
   216.00000000000000        22103.138266905142
   217.00000000000000        22141.322661769878
   218.00000000000000        22179.461273604626
   219.00000000000000        22217.548395366637
   220.00000000000000        22255.577753167268
   221.00000000000000        22293.542470435859
   222.00000000000000        22331.435032549169
   223.00000000000000        22369.247252355377
   224.00000000000000        22406.970237060144
   225.00000000000000        22444.594356978039
   226.00000000000000        22482.109216684366
   227.00000000000000        22519.503629129376
   228.00000000000000        22556.765593297685
   229.00000000000000        22593.882276009794
   230.00000000000000        22630.839998468513
   231.00000000000000        22667.624228150304
   232.00000000000000        22704.219576629024
   233.00000000000000        22740.609803896630
   234.00000000000000        22776.777829711617
   235.00000000000000        22812.705752460857
   236.00000000000000        22848.374875964008
   237.00000000000000        22883.765744581662
   238.00000000000000        22918.858186909511
   239.00000000000000        22953.631368251190
   240.00000000000000        22988.063851963281
   241.00000000000000        22522.133669658051
   242.00000000000000        22555.818400134369
   243.00000000000000        22589.095256786328
   244.00000000000000        22621.941183114301
   245.00000000000000        22654.332955836438
   246.00000000000000        22686.247294972112
   247.00000000000000        22717.660980144872
   248.00000000000000        22748.550972233319
   249.00000000000000        22778.894539386591
   250.00000000000000        22808.669386318878
   251.00000000000000        22837.853785707153
   252.00000000000000        22866.426710440061
   253.00000000000000        22894.367965405690
   254.00000000000000        22921.658317463422
   255.00000000000000        22948.279622221628
   256.00000000000000        22974.214946239779
   257.00000000000000        22999.448683291092
   258.00000000000000        23023.966663360752
   259.00000000000000        23047.756253114509
   260.00000000000000        23070.806446652867
   261.00000000000000        23093.107945465923
   262.00000000000000        23114.653226621915
   263.00000000000000        23135.436598356904
   264.00000000000000        23155.454242381595
   265.00000000000000        23174.704242381595
   266.00000000000000        23193.186598356904
   267.00000000000000        23210.903226621915
   268.00000000000000        23227.857945465923
   269.00000000000000        23244.056446652867
   270.00000000000000        23259.506253114509
   271.00000000000000        23274.216663360752
   272.00000000000000        23288.198683291092
   273.00000000000000        23301.464946239779
   274.00000000000000        23314.029622221628
   275.00000000000000        23325.908317463422
   276.00000000000000        23337.117965405690
   277.00000000000000        23347.676710440061
   278.00000000000000        23357.603785707153
   279.00000000000000        23366.919386318878
   280.00000000000000        23375.644539386591
   281.00000000000000        23383.800972233319
   282.00000000000000        23391.410980144872
   283.00000000000000        23398.497294972112
   284.00000000000000        23405.082955836438
   285.00000000000000        23411.191183114301
   286.00000000000000        23416.845256786328
   287.00000000000000        23422.068400134369
   288.00000000000000        23426.883669658051
   289.00000000000000        23431.313851963281
   290.00000000000000        23435.381368251190
   291.00000000000000        23439.108186909511
   292.00000000000000        23442.515744581662
   293.00000000000000        23445.624875964008
   294.00000000000000        23448.455752460857
   295.00000000000000        23451.027829711617
   296.00000000000000        23453.359803896630
   297.00000000000000        23455.469576629024
   298.00000000000000        23457.374228150304
   299.00000000000000        23459.089998468513
   300.00000000000000        23460.632276009794
   301.00000000000000        23462.015593297685
   302.00000000000000        23463.253629129376
   303.00000000000000        23464.359216684366
   304.00000000000000        23465.344356978039
   305.00000000000000        23466.220237060144
   306.00000000000000        23466.997252355377
   307.00000000000000        23467.685032549169
   308.00000000000000        23468.292470435859
   309.00000000000000        23468.827753167268
   310.00000000000000        23469.298395366637
   311.00000000000000        23469.711273604626
   312.00000000000000        23470.072661769878
   313.00000000000000        23470.388266905142
   314.00000000000000        23470.663265120620
   315.00000000000000        23470.902337237836
   316.00000000000000        23471.109703859245
   317.00000000000000        23471.289159600339
   318.00000000000000        23471.444106261421
   319.00000000000000        23471.577584755025
   320.00000000000000        23471.692305641765
