   1.0000000000000000       0.92569300172372593     
   2.0000000000000000       0.90878878022739662
   3.0000000000000000       0.88918819872580901
   4.0000000000000000       0.86673973705556606
   5.0000000000000000       0.84134474602951692
   6.0000000000000000       0.81296860121877623
   7.0000000000000000       0.78164998460641910
   8.0000000000000000       0.74750746242477839
   9.0000000000000000       0.99999999994282041
   10.000000000000000       0.99999999994281019
   11.000000000000000       0.99999999994279243
   12.000000000000000       0.99999999994275823
   13.000000000000000       0.99999999994269584
   14.000000000000000       0.99999999994258015
   15.000000000000000       0.99999999994237099
   16.000000000000000       0.99999999994199196
   17.000000000000000       0.99999999994131050
   18.000000000000000       0.99999999994009481
   19.000000000000000       0.99999999993794164
   20.000000000000000       0.99999999993415267
   21.000000000000000       0.99999999992752953
   22.000000000000000       0.99999999991603450
   23.000000000000000       0.99999999989621835
   24.000000000000000       0.99999999986229560
   25.000000000000000       0.99999999980462040
   26.000000000000000       0.99999999970723608
   27.000000000000000       0.99999999954393326
   28.000000000000000       0.99999999927197170
   29.000000000000000       0.99999999882216384
   30.000000000000000       0.99999999808331763
   31.000000000000000       0.99999999687804220
   32.000000000000000       0.99999999492538660
   33.000000000000000       0.99999999178363552
   34.000000000000000       0.99999998676339674
   35.000000000000000       0.99999997879660696
   36.000000000000000       0.99999996624067067
   37.000000000000000       0.99999994658801183
   38.000000000000000       0.99999991603879013
   39.000000000000000       0.99999986887751646
   40.000000000000000       0.99999979657099280
   41.000000000000000       0.99999968647386073
   42.000000000000000       0.99999951998656278
   43.000000000000000       0.99999926995618593
   44.000000000000000       0.99999889704018541
   45.000000000000000       0.99999834466287096
   46.000000000000000       0.99999753208082276
   47.000000000000000       0.99999634493194112
   48.000000000000000       0.99999462246963922
   49.000000000000000       0.99999214047500096
   50.000000000000000       0.99998858859301509
   51.000000000000000       0.99998354055296479
   52.000000000000000       0.99997641540918569
   53.000000000000000       0.99996642758130339
   54.000000000000000       0.99995252309195215
   55.000000000000000       0.99993329900972383
   56.000000000000000       0.99990690272739724
   57.000000000000000       0.99987090736980833
   58.000000000000000       0.99982215937026719
   59.000000000000000       0.99975659412603801
   60.000000000000000       0.99966901569764821
   61.000000000000000       0.99955283681612039
   62.000000000000000       0.99939977607398034
   63.000000000000000       0.99919951016850117
   64.000000000000000       0.99893928050331837
   65.000000000000000       0.99860345539138806
   66.000000000000000       0.99817305157402636
   67.000000000000000       0.99762522178699309
   68.000000000000000       0.99693271863908905
   69.000000000000000       0.99606334905171590
   70.000000000000000       0.99497943781818454
   71.000000000000000       0.99363732330207244
   72.000000000000000       0.99198691266972705
   73.000000000000000       0.98997132805346433
   74.000000000000000       0.98752667833278229
   75.000000000000000       0.98458199343239539
   76.000000000000000       0.98105935878729023
   77.000000000000000       0.97687428654954944
   78.000000000000000       0.97193635688706415
   79.000000000000000       0.96615015710675056
   80.000000000000000       0.95941653819274797
   81.000000000000000       0.95163419769616209
   82.000000000000000       0.94270158492989009
   83.000000000000000       0.93251910947986039
   84.000000000000000       0.92099161770407134
   85.000000000000000       0.90803108489635120
   86.000000000000000       0.89355945404112402
   87.000000000000000       0.87751153658966907
   88.000000000000000       0.85983787751290341
   89.000000000000000       0.84050747708087070
   90.000000000000000       0.81951025634172026
   91.000000000000000       0.79685915290728326
   92.000000000000000       0.77259173893456423
   93.000000000000000       0.74677126434790098
   94.000000000000000       0.99999999985759325
   95.000000000000000       0.99999999981146104
   96.000000000000000       0.99999999974123466
   97.000000000000000       0.99999999963480457
   98.000000000000000       0.99999999947421725
   99.000000000000000       0.99999999923298111
   100.00000000000000       0.99999999887219793
   101.00000000000000       0.99999999833500031
   102.00000000000000       0.99999999753866253
   103.00000000000000       0.99999999636338188
   104.00000000000000       0.99999999463649458
   105.00000000000000       0.99999999211030688
   106.00000000000000       0.99999998843116589
   107.00000000000000       0.99999998309651073
   108.00000000000000       0.99999997539554608
   109.00000000000000       0.99999996432770100
   110.00000000000000       0.99999994849117169
   111.00000000000000       0.99999992593133158
   112.00000000000000       0.99999989393567290
   113.00000000000000       0.99999984875786507
   114.00000000000000       0.99999978524842303
   115.00000000000000       0.99999969636301211
   116.00000000000000       0.99999957251138372
   117.00000000000000       0.99999940069997173
   118.00000000000000       0.99999916340893247
   119.00000000000000       0.99999883712948523
   120.00000000000000       0.99999839046939820
   121.00000000000000       0.99999778171288312
   122.00000000000000       0.99999695569557623
   123.00000000000000       0.99999583982527485
   124.00000000000000       0.99999433904421653
   125.00000000000000       0.99999232948869832
   126.00000000000000       0.99998965055647182
   127.00000000000000       0.99998609504165459
   128.00000000000000       0.99998139694109955
   129.00000000000000       0.99997521647581111
   130.00000000000000       0.99996712180700542
   131.00000000000000       0.99995656686027756
   132.00000000000000       0.99994286460493520
   133.00000000000000       0.99992515507165092
   134.00000000000000       0.99990236733326765
   135.00000000000000       0.99987317462528802
   136.00000000000000       0.99983594174873347
   137.00000000000000       0.99978866388470233
   138.00000000000000       0.99972889596310766
   139.00000000000000       0.99965367177491116
   140.00000000000000       0.99955941210486343
   141.00000000000000       0.99944182129796322
   142.00000000000000       0.99929577186487650
   143.00000000000000       0.99911517698618391
   144.00000000000000       0.99889285109837656
   145.00000000000000       0.99862035914007796
   146.00000000000000       0.99828785550707466
   147.00000000000000       0.99788391430849943
   148.00000000000000       0.99739535312968286
   149.00000000000000       0.99680705318144491
   150.00000000000000       0.99610177943813549
   151.00000000000000       0.99526000511990365
   152.00000000000000       0.99425974563556485
   153.00000000000000       0.99307640784342532
   154.00000000000000       0.99168266117582071
   155.00000000000000       0.99004833777243095
   156.00000000000000       0.98814036923787496
   157.00000000000000       0.98592276793917910
   158.00000000000000       0.98335666084675011
   159.00000000000000       0.98040038375869476
   160.00000000000000       0.97700964329681195
   161.00000000000000       0.97313775329408170
   162.00000000000000       0.96873595108718780
   163.00000000000000       0.96375379777437842
   164.00000000000000       0.95813966470251744
   165.00000000000000       0.95184130632663710
   166.00000000000000       0.94480651717588526
   167.00000000000000       0.93698386801380507
   168.00000000000000       0.92832351346718378
   169.00000000000000       0.91877806050075828
   170.00000000000000       0.90830348423288743
   171.00000000000000       0.89686007482842456
   172.00000000000000       0.88441339668468988
   173.00000000000000       0.87093523896210745
   174.00000000000000       0.85640453481691470
   175.00000000000000       0.84080822557512536
   176.00000000000000       0.82414204563587024
   177.00000000000000       0.80641120418006240
   178.00000000000000       0.78763094083404384
   179.00000000000000       0.76782693431572124
   180.00000000000000       0.74703554575956099
   181.00000000000000       0.72530388183010974
   182.00000000000000       0.70268966681193801
   183.00000000000000       0.67926091749588202
   184.00000000000000       0.87316078623537796
   185.00000000000000       0.86090343859863294
   186.00000000000000       0.84786374553052513
   187.00000000000000       0.83403687238894419
   188.00000000000000       0.81942296564882811
   189.00000000000000       0.80402744329491793
   190.00000000000000       0.78786123129790853
   191.00000000000000       0.77094093925814189
   192.00000000000000       0.75328896914744781
   193.00000000000000       0.73493355211129252
   194.00000000000000       0.71590870949180552
   195.00000000000000       0.69625413557355287
   196.00000000000000       0.67601500100869849
   197.00000000000000       0.65524167741253114
   198.00000000000000       0.63398938519657677
   199.00000000000000       0.61231776828454998
   200.00000000000000       0.59029040089469942
   201.00000000000000       0.56797423302925765
   202.00000000000000       0.54543898264759905
   203.00000000000000       0.52275648367697780
   204.00000000000000       0.50000000000000000
   205.00000000000000       0.47724351632302220
   206.00000000000000       0.45456101735240095
   207.00000000000000       0.43202576697074224
   208.00000000000000       0.40970959910530069
   209.00000000000000       0.38768223171545002
   210.00000000000000       0.36601061480342323
   211.00000000000000       0.34475832258746886
   212.00000000000000       0.99585347562718962
   213.00000000000000       0.99518909983859072
   214.00000000000000       0.99443141841284222
   215.00000000000000       0.99356955110236012
   216.00000000000000       0.99259169466016783
   217.00000000000000       0.99148509452667821
   218.00000000000000       0.99023602314001080
   219.00000000000000       0.98882976604747375
   220.00000000000000       0.98725061702267891
   221.00000000000000       0.98548188340001031
   222.00000000000000       0.98350590282322337
   223.00000000000000       0.98130407256530383
   224.00000000000000       0.97885689251025254
   225.00000000000000       0.97614402279232348
   226.00000000000000       0.97314435696325696
   227.00000000000000       0.96983611140241077
   228.00000000000000       0.96619693149845010
   229.00000000000000       0.96220401491506213
   230.00000000000000       0.95783425200856676
   231.00000000000000       0.95306438319464015
   232.00000000000000       0.94787117276785271
   233.00000000000000       0.94223159836556170
   234.00000000000000       0.93612305494166015
   235.00000000000000       0.92952357178167566
   236.00000000000000       0.92241204075508021
   237.00000000000000       0.91476845367049231
   238.00000000000000       0.90657414628225685
   239.00000000000000       0.89781204620043886
   240.00000000000000       0.88846692168857766
   241.00000000000000       0.87852562810236101
   242.00000000000000       0.86797734853531872
   243.00000000000000       0.85681382510172477
   244.00000000000000       0.84502957720832450
   245.00000000000000       0.83262210315073593
   246.00000000000000       0.81959206142141927
   247.00000000000000       0.80594342823690046
   248.00000000000000       0.79168362798370850
   249.00000000000000       0.77682363354500039
   250.00000000000000       0.76137803380110780
   251.00000000000000       0.74536506599350738
   252.00000000000000       0.72880661109763556
   253.00000000000000       0.71172815085843943
   254.00000000000000       0.69415868569501116
   255.00000000000000       0.67613061326716262
   256.00000000000000       0.65767956810626027
   257.00000000000000       0.63884422333305835
   258.00000000000000       0.61966605610404268
   259.00000000000000       0.60018907903200214
   260.00000000000000       0.58045954040328929
   261.00000000000000       0.56052559655097478
   262.00000000000000       0.54043696022798726
   263.00000000000000       0.52024452924652698
   264.00000000000000       0.50000000000000000
   265.00000000000000       0.47975547075347302
   266.00000000000000       0.45956303977201274
   267.00000000000000       0.43947440344902522
   268.00000000000000       0.41954045959671071
   269.00000000000000       0.39981092096799786
   270.00000000000000       0.38033394389595732
   271.00000000000000       0.36115577666694165
   272.00000000000000       0.34232043189373973
   273.00000000000000       0.32386938673283738
   274.00000000000000       0.30584131430498884
   275.00000000000000       0.28827184914156057
   276.00000000000000       0.27119338890236444
   277.00000000000000       0.25463493400649273
   278.00000000000000       0.23862196619889220
   279.00000000000000       0.22317636645499961
   280.00000000000000       0.20831637201629150
   281.00000000000000       0.19405657176309954
   282.00000000000000       0.18040793857858084
   283.00000000000000       0.16737789684926396
   284.00000000000000       0.15497042279167561
   285.00000000000000       0.14318617489827523
   286.00000000000000       0.13202265146468140
   287.00000000000000       0.12147437189763921
   288.00000000000000       0.11153307831142223
   289.00000000000000       0.10218795379956114
   290.00000000000000        9.3425853717743035E-002
   291.00000000000000        8.5231546329507579E-002
   292.00000000000000        7.7587959244919791E-002
   293.00000000000000        7.0476428218324338E-002
   294.00000000000000        6.3876945058340073E-002
   295.00000000000000        5.7768401634438193E-002
   296.00000000000000        5.2128827232147179E-002
   297.00000000000000        4.6935616805359737E-002
   298.00000000000000        4.2165747991433244E-002
   299.00000000000000        3.7795985084937866E-002
   300.00000000000000        3.3803068501549793E-002
   301.00000000000000        3.0163888597589006E-002
   302.00000000000000        2.6855643036743038E-002
   303.00000000000000        2.3855977207676515E-002
   304.00000000000000        2.1143107489747681E-002
   305.00000000000000        1.8695927434695947E-002
   306.00000000000000        1.6494097176776634E-002
   307.00000000000000        1.4518116599989694E-002
   308.00000000000000        1.2749382977321089E-002
   309.00000000000000        1.1170233952526254E-002
   310.00000000000000        9.7639768599893095E-003
   311.00000000000000        8.5149054733218987E-003
   312.00000000000000        7.4083053398321663E-003
   313.00000000000000        6.4304488976396623E-003
   314.00000000000000        5.5685815871577837E-003
   315.00000000000000        4.8109001614091707E-003
   316.00000000000000        4.1465243728106005E-003
   317.00000000000000        3.5654631704871154E-003
   318.00000000000000        3.0585764846918773E-003
   319.00000000000000        2.6175336062078669E-003
