   1.0000000000000000       0.92569300172372593     
   2.0000000000000000       0.90878878022739662     
   3.0000000000000000       0.88918819872580901     
   4.0000000000000000       0.86673973705556606     
   5.0000000000000000       0.84134474602951692     
   6.0000000000000000       0.81296860121877623     
   7.0000000000000000       0.78164998460641910     
   8.0000000000000000       0.74750746242477839     
   9.0000000000000000       0.99999999994283084     
   10.000000000000000       0.99999999994283106     
   11.000000000000000       0.99999999994283062     
   12.000000000000000       0.99999999994283084     
   13.000000000000000       0.99999999994283162     
   14.000000000000000       0.99999999994283106     
   15.000000000000000       0.99999999994283106     
   16.000000000000000       0.99999999994283151     
   17.000000000000000       0.99999999994283106     
   18.000000000000000       0.99999999994283106     
   19.000000000000000       0.99999999994283106     
   20.000000000000000       0.99999999994283106     
   21.000000000000000       0.99999999994283151     
   22.000000000000000       0.99999999994283106     
   23.000000000000000       0.99999999994283129     
   24.000000000000000       0.99999999994283129     
   25.000000000000000       0.99999999994283073     
   26.000000000000000       0.99999999994283106     
   27.000000000000000       0.99999999994283129     
   28.000000000000000       0.99999999994283106     
   29.000000000000000       0.99999999994283084     
   30.000000000000000       0.99999999994283084     
   31.000000000000000       0.99999999994283084     
   32.000000000000000       0.99999999994283106     
   33.000000000000000       0.99999999994283129     
   34.000000000000000       0.99999999994283129     
   35.000000000000000       0.99999999994283129     
   36.000000000000000       0.99999999994283129     
   37.000000000000000       0.99999999994283040     
   38.000000000000000       0.99999999994282929     
   39.000000000000000       0.99999999994282707     
   40.000000000000000       0.99999999994281930     
   41.000000000000000       0.99999999994279842     
   42.000000000000000       0.99999999994274980     
   43.000000000000000       0.99999999994262256     
   44.000000000000000       0.99999999994231126     
   45.000000000000000       0.99999999994155120     
   46.000000000000000       0.99999999993973132     
   47.000000000000000       0.99999999993543842     
   48.000000000000000       0.99999999992546895     
   49.000000000000000       0.99999999990267074     
   50.000000000000000       0.99999999985135002     
   51.000000000000000       0.99999999973760434     
   52.000000000000000       0.99999999948941332     
   53.000000000000000       0.99999999895624392     
   54.000000000000000       0.99999999782861382     
   55.000000000000000       0.99999999548065888     
   56.000000000000000       0.99999999066743217     
   57.000000000000000       0.99999998095326859     
   58.000000000000000       0.99999996165149030     
   59.000000000000000       0.99999992389322578     
   60.000000000000000       0.99999985117395740     
   61.000000000000000       0.99999971329125859     
   62.000000000000000       0.99999945590055495     
   63.000000000000000       0.99999898285958755     
   64.000000000000000       0.99999812695082402     
   65.000000000000000       0.99999660226970388     
   66.000000000000000       0.99999392831891654     
   67.000000000000000       0.99998931141705150     
   68.000000000000000       0.99998146320497927     
   69.000000000000000       0.99996832870099206     
   70.000000000000000       0.99994668759307304     
   71.000000000000000       0.99991158265762459     
   72.000000000000000       0.99985551921694671     
   73.000000000000000       0.99976737086379885     
   74.000000000000000       0.99963092148857080     
   75.000000000000000       0.99942297490047483     
   76.000000000000000       0.99911097464379051     
   77.000000000000000       0.99865010191131975     
   78.000000000000000       0.99797986245307957     
   79.000000000000000       0.99702023670808027     
   80.000000000000000       0.99566755158027964     
   81.000000000000000       0.99379033461773392     
   82.000000000000000       0.99122552484806936     
   83.000000000000000       0.98777552728916318     
   84.000000000000000       0.98320669349628742     
   85.000000000000000       0.97724986799724367     
   86.000000000000000       0.96960363818104067     
   87.000000000000000       0.95994084308359406     
   88.000000000000000       0.94791872053356885     
   89.000000000000000       0.93319279868161564     
   90.000000000000000       0.91543427760116902     
   91.000000000000000       0.89435022628806005     
   92.000000000000000       0.86970548282092341     
   93.000000000000000       0.84134474602951670     
   94.000000000000000       0.99999999994283062     
   95.000000000000000       0.99999999994283073     
   96.000000000000000       0.99999999994283084     
   97.000000000000000       0.99999999994283106     
   98.000000000000000       0.99999999994283117     
   99.000000000000000       0.99999999994283051     
   100.00000000000000       0.99999999994283106     
   101.00000000000000       0.99999999994283129     
   102.00000000000000       0.99999999994283129     
   103.00000000000000       0.99999999994283084     
   104.00000000000000       0.99999999994283084     
   105.00000000000000       0.99999999994283062     
   106.00000000000000       0.99999999994283018     
   107.00000000000000       0.99999999994283095     
   108.00000000000000       0.99999999994283129     
   109.00000000000000       0.99999999994283106     
   110.00000000000000       0.99999999994283084     
   111.00000000000000       0.99999999994283084     
   112.00000000000000       0.99999999994283084     
   113.00000000000000       0.99999999994283084     
   114.00000000000000       0.99999999994283106     
   115.00000000000000       0.99999999994283129     
   116.00000000000000       0.99999999994283084     
   117.00000000000000       0.99999999994283084     
   118.00000000000000       0.99999999994283084     
   119.00000000000000       0.99999999994282973     
   120.00000000000000       0.99999999994282707     
   121.00000000000000       0.99999999994282196     
   122.00000000000000       0.99999999994281019     
   123.00000000000000       0.99999999994278199     
   124.00000000000000       0.99999999994271860     
   125.00000000000000       0.99999999994257549     
   126.00000000000000       0.99999999994225575     
   127.00000000000000       0.99999999994155131     
   128.00000000000000       0.99999999994002020     
   129.00000000000000       0.99999999993672872     
   130.00000000000000       0.99999999992974820     
   131.00000000000000       0.99999999991511346     
   132.00000000000000       0.99999999988481869     
   133.00000000000000       0.99999999982287135     
   134.00000000000000       0.99999999969775022     
   135.00000000000000       0.99999999944813256     
   136.00000000000000       0.99999999895624403     
   137.00000000000000       0.99999999799882788     
   138.00000000000000       0.99999999615814628     
   139.00000000000000       0.99999999266272133     
   140.00000000000000       0.99999998610632201     
   141.00000000000000       0.99999997395917117     
   142.00000000000000       0.99999995172979750     
   143.00000000000000       0.99999991154851486     
   144.00000000000000       0.99999983980806095     
   145.00000000000000       0.99999971329125836     
   146.00000000000000       0.99999949290928847     
   147.00000000000000       0.99999911372730943     
   148.00000000000000       0.99999846931609260     
   149.00000000000000       0.99999738757763201     
   150.00000000000000       0.99999559397912585     
   151.00000000000000       0.99999265651899094     
   152.00000000000000       0.99998790467123411     
   153.00000000000000       0.99998031196064430     
   154.00000000000000       0.99996832870099150     
   155.00000000000000       0.99994964783989770     
   156.00000000000000       0.99992088295677917     
   157.00000000000000       0.99987713355286190     
   158.00000000000000       0.99981140932791157     
   159.00000000000000       0.99971388283296858     
   160.00000000000000       0.99957093960965482     
   161.00000000000000       0.99936399775325313     
   162.00000000000000       0.99906807597538916     
   163.00000000000000       0.99865010191131964     
   164.00000000000000       0.99806697167303349     
   165.00000000000000       0.99726339815686327     
   166.00000000000000       0.99616961937564419     
   167.00000000000000       0.99469907815916181     
   168.00000000000000       0.99274622881876395     
   169.00000000000000       0.99018467131528354     
   170.00000000000000       0.98686585425329199     
   171.00000000000000       0.98261861863368938     
   172.00000000000000       0.97724986799724389     
   173.00000000000000       0.97054664063836271     
   174.00000000000000       0.96227982013374269     
   175.00000000000000       0.95220964767548255     
   176.00000000000000       0.94009309284691223     
   177.00000000000000       0.92569300172372593     
   178.00000000000000       0.90878878022739673     
   179.00000000000000       0.88918819872580901     
   180.00000000000000       0.86673973705556606     
   181.00000000000000       0.84134474602951692     
   182.00000000000000       0.81296860121877623     
   183.00000000000000       0.78164998460641921     
   184.00000000000000       0.98686585425329199     
   185.00000000000000       0.98261861863368938     
   186.00000000000000       0.97724986799724389     
   187.00000000000000       0.97054664063836271     
   188.00000000000000       0.96227982013374269     
   189.00000000000000       0.95220964767548255     
   190.00000000000000       0.94009309284691223     
   191.00000000000000       0.92569300172372593     
   192.00000000000000       0.90878878022739673     
   193.00000000000000       0.88918819872580901     
   194.00000000000000       0.86673973705556606     
   195.00000000000000       0.84134474602951692     
   196.00000000000000       0.81296860121877623     
   197.00000000000000       0.78164998460641921     
   198.00000000000000       0.74750746242477828     
   199.00000000000000       0.71074263922193248     
   200.00000000000000       0.67163935669848995     
   201.00000000000000       0.63055865980330861     
   202.00000000000000       0.58792955211900377     
   203.00000000000000       0.54423588104025356     
   204.00000000000000       0.50000000000000000     
   205.00000000000000       0.45576411895974644     
   206.00000000000000       0.41207044788099623     
   207.00000000000000       0.36944134019669139     
   208.00000000000000       0.32836064330151005     
   209.00000000000000       0.28925736077806752     
   210.00000000000000       0.25249253757522172     
   211.00000000000000       0.21835001539358079     
   212.00000000000000       0.99999999615814616     
   213.00000000000000       0.99999999266272122     
   214.00000000000000       0.99999998610632201     
   215.00000000000000       0.99999997395917106     
   216.00000000000000       0.99999995172979750     
   217.00000000000000       0.99999991154851486     
   218.00000000000000       0.99999983980806095     
   219.00000000000000       0.99999971329125836     
   220.00000000000000       0.99999949290928847     
   221.00000000000000       0.99999911372730943     
   222.00000000000000       0.99999846931609260     
   223.00000000000000       0.99999738757763212     
   224.00000000000000       0.99999559397912585     
   225.00000000000000       0.99999265651899072     
   226.00000000000000       0.99998790467123400     
   227.00000000000000       0.99998031196064430     
   228.00000000000000       0.99996832870099150     
   229.00000000000000       0.99994964783989781     
   230.00000000000000       0.99992088295677894     
   231.00000000000000       0.99987713355286201     
   232.00000000000000       0.99981140932791168     
   233.00000000000000       0.99971388283296858     
   234.00000000000000       0.99957093960965482     
   235.00000000000000       0.99936399775325313     
   236.00000000000000       0.99906807597538894     
   237.00000000000000       0.99865010191131975     
   238.00000000000000       0.99806697167303349     
   239.00000000000000       0.99726339815686338     
   240.00000000000000       0.99616961937564419     
   241.00000000000000       0.99469907815916181     
   242.00000000000000       0.99274622881876395     
   243.00000000000000       0.99018467131528354     
   244.00000000000000       0.98686585425329187     
   245.00000000000000       0.98261861863368949     
   246.00000000000000       0.97724986799724389     
   247.00000000000000       0.97054664063836271     
   248.00000000000000       0.96227982013374269     
   249.00000000000000       0.95220964767548255     
   250.00000000000000       0.94009309284691223     
   251.00000000000000       0.92569300172372593     
   252.00000000000000       0.90878878022739673     
   253.00000000000000       0.88918819872580879     
   254.00000000000000       0.86673973705556606     
   255.00000000000000       0.84134474602951692     
   256.00000000000000       0.81296860121877623     
   257.00000000000000       0.78164998460641910     
   258.00000000000000       0.74750746242477839     
   259.00000000000000       0.71074263922193248     
   260.00000000000000       0.67163935669848995     
   261.00000000000000       0.63055865980330861     
   262.00000000000000       0.58792955211900377     
   263.00000000000000       0.54423588104025356     
   264.00000000000000       0.50000000000000000     
   265.00000000000000       0.45576411895974644     
   266.00000000000000       0.41207044788099623     
   267.00000000000000       0.36944134019669139     
   268.00000000000000       0.32836064330151005     
   269.00000000000000       0.28925736077806752     
   270.00000000000000       0.25249253757522161     
   271.00000000000000       0.21835001539358090     
   272.00000000000000       0.18703139878122377     
   273.00000000000000       0.15865525397048308     
   274.00000000000000       0.13326026294443394     
   275.00000000000000       0.11081180127419121     
   276.00000000000000        9.1211219772603380E-002
   277.00000000000000        7.4306998276274072E-002
   278.00000000000000        5.9906907153087885E-002
   279.00000000000000        4.7790352324517782E-002
   280.00000000000000        3.7720179866257197E-002
   281.00000000000000        2.9453359361637288E-002
   282.00000000000000        2.2750132002756107E-002
   283.00000000000000        1.7381381366310622E-002
   284.00000000000000        1.3134145746708237E-002
   285.00000000000000        9.8153286847165733E-003
   286.00000000000000        7.2537711812358241E-003
   287.00000000000000        5.3009218408379688E-003
   288.00000000000000        3.8303806243555893E-003
   289.00000000000000        2.7366018431365102E-003
   290.00000000000000        1.9330283269662907E-003
   291.00000000000000        1.3498980886803569E-003
   292.00000000000000        9.3192402461106383E-004
   293.00000000000000        6.3600224674675854E-004
   294.00000000000000        4.2906039034495969E-004
   295.00000000000000        2.8611716703119683E-004
   296.00000000000000        1.8859067208820690E-004
   297.00000000000000        1.2286644713810357E-004
   298.00000000000000        7.9117043221166305E-005
   299.00000000000000        5.0352160102073995E-005
   300.00000000000000        3.1671299008495524E-005
   301.00000000000000        1.9688039355703069E-005
   302.00000000000000        1.2095328765782121E-005
   303.00000000000000        7.3434810092809499E-006
   304.00000000000000        4.4060208739260531E-006
   305.00000000000000        2.6124223677648217E-006
   306.00000000000000        1.5306839072914968E-006
   307.00000000000000        8.8627269057006686E-007
   308.00000000000000        5.0709071175436549E-007
   309.00000000000000        2.8670874185898754E-007
   310.00000000000000        1.6019193915806085E-007
   311.00000000000000        8.8451485136253893E-008
   312.00000000000000        4.8270202501754511E-008
   313.00000000000000        2.6040828937645699E-008
   314.00000000000000        1.3893677985876707E-008
   315.00000000000000        7.3372787845471521E-009
   316.00000000000000        3.8418539460849388E-009
   317.00000000000000        2.0011716728163265E-009
   318.00000000000000        1.0437558595199903E-009
   319.00000000000000        5.5186732961232110E-010
   320.00000000000000        3.0225000280381664E-010
